3 26537
1 5575
3 53997
2 5575
4 53997
4 26537
1 74646
4 74646
3 39154
3 7585
4 7585
2 39154
3 83322
2 83322
3 46850
3 92867
3 82683
4 82683
1 47862
1 96360
3 98603
1 20230
2 20230
3 97911
3 51854
3 64700
2 96360
2 47862
4 64700
1 6692
4 51854
1 33641
4 97911
2 33641
2 6692
4 98603
4 92867
2 46850
3 35320
3 54884
2 35320
2 54884
3 20362
3 72159
4 72159
4 20362
1 41428
2 41428
3 26968
3 36681
4 36681
4 26968
1 80918
1 98238
4 80918
3 83001
2 98238
2 83001
1 82433
3 38862
1 78452
4 38862
2 78452
1 40335
4 82433
1 64290
1 99993
3 48718
1 81348
4 48718
3 70204
4 70204
1 39051
2 39051
3 95879
1 81942
2 81942
4 95879
3 11713
3 43711
3 13496
1 73202
1 81524
4 13496
2 81524
4 43711
1 18608
1 35396
3 68229
4 68229
4 11713
3 85492
1 97470
1 6459
3 49440
3 78981
3 18519
4 18519
3 9203
3 78284
2 6459
4 78284
2 97470
1 69819
1 8920
3 69704
3 96629
2 8920
3 16040
3 22913
1 75685
1 63142
3 94772
1 56737
3 70722
1 34844
3 11205
4 11205
1 40959
3 47324
3 89815
1 78241
4 89815
3 54280
2 78241
2 40959
1 12660
4 54280
4 47324
3 29624
1 29302
4 29624
1 30017
1 30968
3 12427
4 12427
1 6053
3 81694
1 80523
2 80523
2 6053
1 73810
3 39700
4 39700
1 71227
2 71227
2 73810
2 30968
4 81694
1 29373
1 41172
1 25122
2 25122
2 41172
4 70722
3 62456
4 62456
4 94772
3 9155
1 17759
3 53668
3 1829
4 1829
4 53668
3 1981
3 53147
2 17759
3 74279
1 35831
2 35831
4 74279
3 94937
4 94937
1 67846
1 87683
1 16359
1 54884
1 78124
2 78124
3 81636
3 47628
1 52877
4 47628
4 81636
3 62847
1 15333
2 15333
4 62847
4 53147
2 52877
4 1981
2 54884
3 10370
3 43577
2 16359
3 14498
1 54664
2 54664
4 14498
4 43577
3 42646
1 42467
4 42646
1 59550
1 16138
3 40257
1 35561
4 40257
2 35561
4 10370
2 16138
2 59550
1 22972
3 76866
1 48022
2 48022
1 65020
4 76866
2 65020
4 9155
2 22972
1 47132
1 36802
2 36802
3 94662
2 47132
3 59590
4 59590
2 42467
1 6817
4 94662
1 55689
4 22913
2 55689
4 16040
4 96629
2 6817
1 27360
1 71204
3 22148
4 22148
3 88138
2 71204
3 70991
2 27360
4 70991
2 87683
1 6993
1 54644
2 54644
2 6993
1 37304
3 745
2 37304
2 67846
3 49386
1 67909
1 12127
1 11259
2 11259
3 6927
3 11434
1 69343
2 69343
4 11434
3 41149
1 7050
2 7050
1 69461
3 83830
1 19364
3 57854
2 19364
1 2362
3 82957
2 2362
4 82957
4 57854
4 83830
1 91100
4 41149
3 85238
1 93337
3 20133
3 57221
1 11290
2 11290
1 88259
3 84468
3 9772
1 20664
4 9772
4 84468
1 70104
2 70104
2 20664
1 32294
4 57221
4 20133
3 60769
1 12192
1 24993
4 60769
1 73825
3 99876
3 32688
4 32688
2 73825
4 99876
3 682
3 64386
3 39906
1 83933
4 39906
3 89775
3 65290
2 83933
2 24993
2 12192
4 65290
3 8196
2 32294
1 28360
4 8196
3 73411
2 28360
1 21122
2 21122
4 73411
3 29823
3 70200
3 86426
3 56718
3 94109
2 88259
2 93337
1 3830
4 94109
3 18102
1 50915
4 18102
4 56718
4 86426
3 37470
2 50915
1 20626
4 37470
1 7277
2 7277
1 43245
1 46677
1 60401
4 70200
1 89868
3 94955
1 82655
1 78970
1 46304
3 31362
1 39206
1 34030
2 34030
1 87877
1 67794
4 31362
2 67794
4 94955
3 96891
2 87877
1 15749
3 33822
1 72749
1 6212
2 6212
2 72749
4 33822
2 15749
2 39206
3 58035
4 58035
3 24700
1 93824
1 34307
4 24700
3 54092
4 54092
1 6671
2 6671
2 34307
2 93824
4 96891
1 49715
4 29823
2 49715
2 46304
1 85259
4 89775
1 7606
3 59900
3 28515
2 7606
3 93320
4 93320
4 28515
2 85259
1 55526
4 59900
4 64386
4 682
3 55519
1 94415
2 94415
2 55526
1 2667
4 55519
1 6215
4 85238
2 6215
3 5914
1 89074
2 89074
1 55570
4 5914
4 6927
1 81701
3 10358
1 58135
2 58135
2 81701
3 33736
1 28782
1 52157
2 52157
2 28782
4 33736
4 10358
2 55570
2 2667
4 49386
2 78970
4 745
2 82655
4 88138
1 15932
4 69704
2 15932
3 81716
2 89868
1 8541
2 8541
1 46841
2 46841
2 60401
4 81716
2 46677
2 43245
4 9203
3 66035
1 56078
1 57565
2 57565
4 66035
2 56078
4 78981
4 49440
4 85492
2 20626
1 64859
4 40335
2 64859
3 58152
1 14865
3 94442
3 76549
1 448
4 76549
1 38788
3 37561
3 46133
1 83794
3 63633
3 86104
2 83794
3 5779
4 5779
2 38788
2 448
2 14865
1 66807
4 86104
1 78870
2 78870
3 85990
2 66807
4 85990
4 63633
1 78407
1 22366
4 46133
3 79628
1 62307
2 62307
1 86199
4 79628
2 86199
4 37561
3 80694
3 48711
1 36233
4 48711
4 80694
3 9807
1 82694
1 5133
3 37516
2 5133
4 37516
4 9807
3 83309
4 83309
3 87764
4 87764
4 94442
3 21753
2 82694
2 36233
3 30952
2 22366
2 78407
1 53358
4 30952
1 88510
1 37459
4 21753
2 37459
1 55206
4 58152
4 64290
1 92384
3 14617
4 14617
1 37396
2 37396
3 92007
2 92384
4 92007
3 4422
4 4422
4 99993
4 81348
2 55206
3 230
2 88510
1 88481
4 230
2 88481
1 28524
3 45982
3 12508
4 12508
4 45982
2 28524
1 83559
4 73202
4 18608
3 83849
4 83849
2 83559
2 53358
3 33354
1 61630
3 45743
2 61630
2 3830
3 92269
4 92269
1 24040
2 24040
3 33459
2 91100
4 33459
4 45743
4 33354
2 69461
2 12127
3 33722
4 33722
3 4782
2 67909
2 29373
1 44840
2 44840
2 30017
1 10585
1 86008
4 4782
4 35396
4 69819
3 80702
2 86008
3 20644
3 51752
1 31643
1 80085
3 43526
2 80085
4 43526
1 73627
2 73627
4 51752
4 20644
2 31643
3 99470
2 10585
1 64820
4 99470
1 47370
2 47370
3 79355
1 89503
4 79355
2 89503
1 94555
4 80702
3 30202
1 19786
2 19786
1 99204
4 30202
1 2154
4 75685
3 2254
4 2254
3 68645
4 68645
2 2154
4 63142
4 56737
2 99204
1 36074
1 44525
1 94044
3 33680
3 9952
4 9952
2 94044
1 57658
3 80209
4 80209
3 4962
2 57658
3 45287
1 49193
2 49193
3 94445
1 47484
3 47912
3 17149
3 35070
1 53380
4 35070
2 53380
1 80169
2 80169
2 47484
3 66768
4 66768
3 13316
4 13316
3 15811
3 8482
4 8482
1 73271
4 15811
3 88675
3 17770
2 73271
3 91101
3 95297
3 86509
1 42259
3 28098
4 28098
2 42259
4 86509
1 89516
2 89516
2 44525
2 36074
3 5962
2 94555
2 64820
3 44542
4 44542
4 5962
1 37800
1 43307
3 30167
3 95463
4 95463
1 88844
3 47325
1 1752
1 94542
3 48679
1 36289
3 59557
2 36289
4 59557
1 73695
1 42179
3 14547
2 42179
2 73695
3 566
1 96705
1 9613
2 9613
4 566
1 58680
2 58680
2 96705
1 48094
2 48094
4 14547
1 51806
3 40358
2 51806
4 40358
3 95856
3 43637
3 50060
2 94542
4 50060
3 55977
2 1752
3 34926
4 34926
4 55977
2 88844
2 43307
3 76509
2 37800
3 32897
1 29695
3 51113
4 51113
2 29695
1 80218
4 32897
4 76509
2 80218
1 9951
2 9951
3 68394
1 7121
2 7121
2 29302
4 68394
2 12660
1 72391
3 30482
4 30482
1 6069
3 5089
2 6069
1 7929
1 20930
1 61743
1 99335
1 32961
2 32961
2 99335
4 5089
1 48510
1 69057
1 22591
2 22591
3 15168
1 30398
1 50907
4 15168
2 50907
3 7324
2 30398
3 73371
4 73371
3 980
2 69057
3 7236
1 42285
3 12611
2 42285
4 12611
4 7236
4 980
2 48510
2 61743
3 62175
4 62175
3 15915
3 20659
2 20930
2 7929
2 72391
2 34844
4 20659
1 47041
3 86362
1 23521
4 86362
1 75210
2 75210
1 68005
1 59429
1 1709
4 15915
3 46248
3 24192
3 22785
2 1709
2 59429
2 68005
2 23521
1 95248
1 56232
4 22785
1 51423
4 24192
2 51423
3 93515
2 56232
3 57790
1 65632
4 57790
2 65632
4 93515
2 95248
3 97150
4 97150
3 24003
4 24003
4 46248
4 7324
4 43637
4 95856
1 37696
1 34906
1 91929
1 82138
2 82138
1 15481
3 76513
2 15481
3 4375
2 91929
3 5694
1 68738
3 4860
2 68738
4 4860
1 38058
3 74423
3 1216
4 1216
2 38058
2 34906
3 48787
4 48787
3 21505
2 37696
3 7719
1 30356
4 7719
2 30356
2 47041
2 33680
1 9828
2 9828
3 7241
1 5522
4 7241
2 5522
1 47086
2 47086
1 39437
3 27570
4 27570
3 79099
2 39437
2 4962
3 25220
1 36996
3 875
4 875
3 19594
1 87853
3 13972
2 87853
1 91441
2 91441
1 22838
3 4601
4 4601
2 22838
4 13972
4 19594
2 36996
2 45287
3 74703
4 74703
1 41660
4 25220
2 41660
3 13104
4 13104
2 94445
3 50456
3 60589
1 68429
4 60589
4 50456
3 10342
3 63234
1 94274
1 21922
2 21922
1 46798
4 63234
1 14198
3 68926
4 68926
1 61330
3 74169
1 54451
4 74169
1 49311
2 49311
1 34811
3 21393
2 34811
3 60992
1 75727
2 75727
2 54451
2 61330
2 14198
1 31279
2 31279
3 43357
2 46798
3 19926
1 92729
1 19742
4 19926
4 43357
2 19742
4 60992
3 80693
4 80693
3 8051
3 72615
1 5106
1 86791
3 81189
4 81189
4 72615
3 48432
1 90611
4 48432
2 90611
1 73271
3 4344
3 499
1 23690
1 89693
2 89693
1 1257
1 2393
4 499
1 13719
2 13719
2 2393
2 1257
3 58700
3 40526
2 23690
1 92552
2 92552
3 20411
4 20411
2 73271
4 40526
3 51390
1 70165
4 51390
1 60779
4 58700
3 66138
1 24004
2 24004
1 96093
4 66138
3 76997
4 76997
1 40949
1 48693
4 4344
3 23632
4 23632
1 89933
4 8051
4 21393
4 10342
4 79099
3 16389
3 34622
4 34622
1 57141
3 72381
1 5649
2 5649
1 3953
4 72381
4 16389
3 72419
4 72419
4 21505
4 74423
4 5694
1 10704
1 20220
1 8429
4 4375
4 76513
2 8429
4 48679
3 63275
4 63275
1 6109
3 59690
3 87843
4 87843
3 42837
2 6109
1 66066
4 42837
4 59690
3 28780
3 44088
4 44088
1 72244
3 9688
3 67179
3 31648
3 56541
4 56541
4 31648
1 74453
1 45296
2 45296
3 5166
3 23094
3 86757
2 74453
1 22799
3 78247
1 97880
3 53063
4 53063
1 84792
2 84792
4 78247
4 86757
3 73262
1 8761
1 52829
1 91593
1 36911
2 36911
4 73262
3 14141
2 91593
2 52829
4 14141
4 23094
1 6208
4 5166
1 37491
3 99957
2 37491
2 6208
3 84686
4 84686
1 25495
1 33191
1 15339
2 15339
1 99810
2 99810
1 77146
4 99957
2 77146
4 67179
2 33191
4 9688
3 55380
1 87393
2 87393
4 55380
1 7191
1 91822
2 91822
4 28780
1 82019
2 82019
3 85450
1 15472
1 69399
1 64786
1 66092
3 95115
2 66092
2 64786
2 69399
3 5812
3 68065
4 68065
2 15472
4 5812
3 31291
4 31291
3 46359
4 46359
3 62817
2 7191
4 62817
1 68600
1 65480
4 95115
3 48444
4 48444
3 8074
4 8074
1 14337
1 78171
4 85450
4 47325
1 31396
2 31396
2 78171
2 14337
2 65480
3 50648
3 46120
4 46120
3 14601
3 76840
2 68600
4 76840
3 26339
1 2322
3 24742
1 2822
3 5186
4 5186
4 24742
2 2822
1 9512
4 26339
4 14601
2 9512
4 50648
4 30167
4 95297
4 91101
4 17770
1 76753
1 26612
1 74676
3 38568
4 38568
4 88675
1 22632
3 60522
3 55768
3 84784
4 84784
1 6424
2 6424
3 91358
4 91358
4 55768
1 79048
1 33539
2 33539
1 40850
4 60522
2 40850
3 8275
1 31865
4 8275
2 31865
2 79048
2 22632
2 74676
4 17149
1 9223
1 50714
3 18128
3 8637
4 8637
1 61201
2 61201
1 42765
4 18128
4 47912
3 81880
4 81880
4 68429
2 42765
1 96664
4 94274
1 11238
2 11238
1 78639
1 74199
4 92729
1 9189
4 5106
4 86791
2 9189
4 70165
4 60779
2 74199
1 95148
4 96093
3 89450
4 89450
2 95148
4 40949
4 48693
2 78639
4 89933
1 44457
4 57141
3 82698
4 82698
1 45884
3 90494
2 45884
1 10068
3 53512
4 53512
3 8973
4 8973
3 47050
4 47050
4 90494
1 29680
2 29680
2 10068
1 62088
3 68857
1 48570
1 12146
4 68857
2 12146
4 3953
1 17481
3 92957
2 17481
3 68714
4 68714
2 48570
2 62088
2 44457
2 96664
1 88627
1 62225
2 62225
1 66133
1 94037
2 94037
4 92957
4 10704
1 92212
4 20220
2 92212
1 34370
3 78781
4 78781
2 34370
1 49203
3 25949
3 47539
3 86989
4 86989
3 48738
1 41681
1 33208
4 48738
1 20900
1 95161
3 4831
1 84759
3 73779
3 97718
2 84759
1 11337
1 81824
3 80097
4 80097
2 81824
1 36960
1 93419
3 95601
1 23609
4 95601
1 98078
3 93923
3 95888
3 97792
3 42846
1 41336
4 42846
4 97792
3 70405
4 70405
2 41336
4 95888
2 98078
2 23609
3 24912
4 24912
3 53682
1 37162
2 37162
4 53682
3 68596
1 79511
4 68596
4 93923
4 97718
1 92754
4 73779
1 32901
3 13770
2 32901
1 46829
4 13770
4 4831
1 94123
3 44350
4 44350
2 94123
3 76840
4 76840
2 46829
4 47539
1 24963
4 25949
2 24963
1 55859
2 55859
4 66066
4 72244
1 99186
2 99186
2 92754
2 79511
4 22799
3 18766
3 49252
1 89026
2 89026
4 49252
1 76752
3 23142
1 77135
1 81799
2 81799
1 88354
1 13466
4 23142
4 18766
2 13466
2 88354
3 9214
1 6183
1 79697
4 9214
2 79697
4 97880
3 42275
2 6183
2 77135
2 76752
3 35288
3 37015
4 37015
1 68965
4 35288
4 42275
1 1680
2 1680
3 26820
1 17119
1 48508
3 77853
2 48508
3 57808
2 17119
3 61305
4 61305
3 70157
3 15348
3 98905
4 98905
2 68965
2 93419
2 36960
3 12531
2 11337
3 50718
4 50718
3 13324
1 59515
4 13324
1 46203
3 74897
2 46203
3 51739
4 51739
2 59515
3 67872
3 24958
4 24958
3 29341
1 16404
3 8322
2 16404
4 8322
1 61555
2 61555
2 95161
4 29341
3 93209
3 37933
1 31400
2 31400
4 37933
2 20900
2 33208
4 93209
3 43478
4 43478
4 67872
1 59451
1 59206
1 11534
4 74897
1 58778
4 12531
3 21040
1 95930
1 99313
1 3954
4 21040
2 3954
3 88755
1 28519
4 88755
3 3877
1 37018
3 10076
3 53096
1 28409
4 53096
4 10076
1 69656
4 3877
3 23818
2 69656
1 72189
1 25321
4 23818
1 5395
2 5395
1 41106
2 41106
2 25321
4 15348
2 72189
2 28409
4 70157
4 57808
2 37018
4 77853
3 72852
4 72852
3 74183
2 28519
4 74183
2 99313
3 9622
2 95930
4 9622
2 58778
3 85353
4 85353
4 26820
4 8761
2 11534
2 59206
4 25495
3 54037
3 60618
2 59451
1 4940
3 15449
2 4940
4 15449
2 41681
4 60618
4 54037
3 35258
4 35258
4 2322
3 84302
1 65079
4 84302
2 65079
2 49203
2 66133
4 76753
4 26612
2 88627
1 7388
2 7388
4 9223
4 50714
1 75402
4 75402
1 14177
2 14177
1 83227
2 83227
3 10957
1 22138
3 25430
3 17202
3 71463
2 22138
2 10957
4 71463
3 54348
1 72195
1 99686
1 13820
4 54348
4 17202
1 16419
4 25430
1 30432
1 86261
2 86261
2 30432
4 72195
2 16419
3 28776
4 28776
3 7047
1 25996
2 25996
1 53587
1 9392
4 7047
1 53412
4 99686
3 67811
3 51453
2 53412
1 92525
3 12
4 12
4 51453
3 1492
4 1492
1 19338
4 67811
2 19338
1 30290
4 13820
2 30290
1 61567
4 53587
2 61567
4 9392
3 14880
4 14880
4 92525
1 34419
2 34419
3 49643
2 49643
1 35431
1 20469
1 55369
2 55369
3 14215
1 70857
1 84247
1 56943
3 81663
2 56943
1 61339
4 81663
1 93262
4 14215
4 35431
4 20469
2 93262
4 70857
2 61339
4 84247
1 97372
2 97372
3 34558
1 6664
4 34558
2 6664
3 50141
3 16592
3 10463
1 11015
1 87296
1 61579
4 10463
3 75089
2 61579
2 87296
2 11015
2 50141
1 33428
3 51248
4 51248
3 73095
3 18595
3 80903
2 33428
3 68184
1 86279
4 68184
3 42967
3 2985
1 70778
2 70778
3 22672
3 90554
3 44789
3 38111
1 90416
1 81027
3 76111
4 76111
2 81027
4 38111
4 44789
3 12200
1 52110
4 12200
1 70777
3 70434
1 37624
1 50729
4 70434
3 8607
4 8607
3 69022
1 63834
2 63834
2 50729
3 90929
3 54535
3 52763
1 79507
3 10435
2 79507
3 18364
4 18364
2 37624
3 335
1 90162
4 335
3 85480
4 85480
4 10435
1 1083
2 1083
3 87817
3 60087
1 25756
2 25756
3 77161
4 77161
4 60087
1 97658
2 97658
4 87817
1 76990
2 76990
2 90162
1 23054
2 23054
1 78679
2 78679
1 73224
2 73224
1 92948
1 5198
2 5198
1 97191
2 97191
3 39835
4 39835
3 97544
2 92948
3 95078
4 95078
1 44624
4 97544
4 52763
4 54535
3 34708
4 34708
2 44624
1 93583
3 6739
4 6739
3 20641
3 11828
2 93583
4 11828
4 20641
3 17815
4 17815
3 86050
3 49285
3 92049
4 92049
1 57310
2 57310
3 83745
3 68125
2 70777
2 52110
4 68125
2 90416
1 74882
3 39310
2 74882
2 86279
3 70721
2 16592
1 3079
2 3079
1 54328
4 70721
3 80201
1 97788
2 97788
1 2761
2 2761
4 80201
2 54328
1 58037
2 58037
2 75089
3 19370
2 73095
4 19370
2 18595
3 19741
1 44365
4 19741
3 72546
4 72546
1 13343
3 58598
4 58598
4 39310
2 13343
4 83745
2 44365
1 49093
3 44365
3 54718
2 49093
1 60320
1 14854
2 14854
1 59680
2 59680
3 24834
1 56763
4 24834
4 54718
1 47046
3 14910
3 45644
2 47046
3 22091
2 56763
1 70028
3 6778
4 6778
1 4064
1 13023
3 10474
3 15099
4 15099
2 13023
4 10474
1 27764
2 27764
3 40945
2 4064
4 40945
3 90326
1 67696
2 67696
2 70028
4 90326
3 85085
1 56210
4 85085
1 7909
1 19025
2 19025
2 7909
4 22091
1 3532
1 59231
4 45644
1 75448
1 83810
1 81150
2 81150
4 14910
3 5168
2 83810
2 75448
2 59231
2 3532
1 31611
1 18993
3 60780
1 89707
3 11119
1 56622
3 76418
2 56622
3 39081
3 79370
2 89707
3 73521
2 18993
4 73521
4 79370
4 39081
1 7018
4 76418
3 66740
3 20418
4 20418
2 7018
3 34996
4 34996
2 31611
4 66740
4 11119
2 56210
3 3653
1 21562
3 47955
3 27544
2 21562
1 99927
4 27544
2 99927
4 47955
4 3653
4 60780
1 18580
1 30428
1 48927
3 91727
4 91727
1 82303
1 19280
1 18725
3 42777
3 11477
1 5130
1 42045
1 34982
3 22709
4 22709
4 11477
2 34982
1 54072
1 72467
4 42777
4 5168
4 44365
2 72467
2 54072
1 11956
1 57361
1 32421
2 32421
2 57361
4 49285
3 36927
1 35779
3 25745
1 10328
2 10328
2 35779
1 34864
1 33560
1 37847
3 25617
3 92635
3 61807
1 62599
1 28141
3 85937
4 85937
3 68182
3 93340
3 45210
3 41963
2 28141
3 83868
4 83868
2 62599
4 41963
3 24975
3 74616
2 37847
3 46032
4 46032
4 74616
4 24975
2 33560
4 45210
3 7853
4 7853
4 93340
1 18455
1 73161
3 37866
4 37866
2 73161
1 32006
1 94960
1 36794
1 15803
1 74629
2 74629
1 35748
1 99060
1 97034
3 22633
2 97034
3 93806
2 99060
1 95580
2 95580
3 16667
4 16667
1 60072
3 61559
3 48846
4 48846
3 87339
1 74792
3 59003
2 74792
3 64391
3 57672
1 20741
3 42963
3 54531
1 99479
3 44098
4 44098
1 85911
3 73270
1 17138
1 52631
2 52631
4 73270
4 54531
4 42963
1 2968
2 2968
4 57672
3 25442
3 5575
3 91616
3 96112
4 96112
2 17138
2 85911
4 91616
2 99479
2 20741
2 60072
1 88742
1 4373
4 5575
4 25442
1 56647
2 56647
4 64391
1 49484
3 68230
3 58713
3 17291
1 15998
4 17291
3 34346
3 64426
2 15998
3 27311
1 40316
1 6320
2 6320
3 82631
1 60886
2 60886
4 82631
1 69549
3 92087
1 48440
2 48440
1 92577
4 92087
3 80722
4 80722
3 64584
4 64584
4 27311
4 64426
1 44377
4 34346
4 58713
1 96247
1 49669
1 23855
2 23855
2 49669
2 96247
3 34600
1 36199
1 14660
2 14660
1 60084
1 73388
1 35146
1 98537
3 55799
2 98537
2 35146
2 73388
2 60084
3 58978
1 90414
4 58978
1 9171
3 80371
4 80371
4 55799
3 84768
3 84994
2 9171
3 70027
1 36997
1 31434
4 70027
3 24059
1 78063
4 24059
2 78063
3 51764
1 31240
3 22059
3 7690
4 7690
3 39773
3 88099
2 31240
4 88099
3 8683
1 5386
2 5386
3 92908
1 75182
3 60658
4 60658
3 33263
1 90224
2 90224
3 84461
1 41431
2 41431
2 75182
1 7595
4 84461
1 78463
3 27367
3 79012
3 58815
3 65959
4 65959
4 58815
4 79012
3 52735
2 78463
2 7595
1 76609
2 76609
3 28481
2 31434
4 28481
1 25715
1 38626
2 38626
2 25715
1 92856
1 47165
1 97946
3 53804
2 97946
2 47165
3 1494
1 45891
1 36561
3 98060
2 36561
3 8555
3 34019
3 22916
2 45891
2 92856
2 36997
1 66814
3 91395
1 41057
4 91395
2 41057
4 22916
3 61613
2 66814
4 61613
4 34019
3 77539
4 77539
1 50568
3 12138
4 12138
4 8555
3 92543
3 36497
1 21782
1 54067
3 72927
2 54067
1 26995
1 76190
3 81368
2 76190
3 5044
2 26995
4 5044
1 84039
1 96329
3 77463
4 77463
3 91986
4 91986
1 37847
4 81368
4 72927
1 78887
1 81497
4 36497
1 41405
4 92543
4 98060
1 36071
1 52038
4 1494
3 49266
3 58325
3 4180
3 23254
2 52038
4 23254
3 72833
2 36071
3 61295
2 41405
2 81497
1 86554
4 61295
1 7071
3 5161
4 5161
2 7071
1 42772
1 97371
3 71580
1 49878
4 71580
4 72833
4 4180
4 58325
2 49878
3 93956
2 97371
3 59406
2 42772
4 59406
2 86554
2 78887
1 25660
2 25660
3 65171
4 65171
3 66600
1 58295
3 85393
2 58295
1 39655
2 39655
3 90249
1 45856
3 58615
2 45856
4 58615
4 90249
3 85820
2 37847
4 85820
2 96329
4 85393
3 43583
4 43583
2 84039
3 50185
3 95601
2 21782
4 95601
4 50185
4 66600
4 93956
2 50568
1 52443
1 46890
1 21567
4 49266
1 30517
1 95479
2 95479
3 77658
3 35075
2 30517
1 60832
2 60832
3 43660
2 21567
3 22816
4 22816
4 43660
1 76703
3 37508
3 60111
3 45890
3 52112
1 37555
1 90924
1 94542
4 52112
1 67891
1 1396
4 45890
3 51850
4 51850
4 60111
1 55446
1 75562
1 4751
4 37508
3 30231
3 36584
2 4751
3 60794
2 75562
3 11594
2 55446
2 1396
4 11594
1 51729
2 51729
4 60794
1 29205
2 29205
4 36584
4 30231
2 67891
4 35075
1 9814
4 77658
4 53804
4 52735
4 27367
3 87676
4 87676
4 33263
1 44398
4 92908
2 44398
3 12730
2 9814
2 94542
2 90924
1 71452
3 50749
2 71452
3 33105
1 99184
4 33105
1 92798
4 50749
3 16469
2 92798
2 99184
1 28122
4 16469
4 12730
2 28122
1 25341
2 25341
3 18832
2 37555
2 76703
3 27089
3 21088
2 46890
3 26440
3 99167
1 58714
2 58714
2 52443
2 90414
3 94249
2 36199
2 44377
3 79219
1 79241
2 79241
1 71174
2 71174
4 79219
4 94249
3 10741
1 92081
3 92242
3 44334
2 92081
3 77845
4 77845
4 44334
2 92577
4 92242
4 10741
4 99167
3 89781
2 69549
1 67844
1 72860
1 97736
3 54295
1 24729
3 47153
1 97305
3 90366
1 7283
2 7283
4 90366
1 4979
2 4979
4 47153
2 97305
3 48142
4 48142
4 54295
2 24729
2 97736
1 1244
2 1244
3 11707
2 72860
4 11707
2 67844
3 96080
3 5654
1 23018
2 23018
4 5654
3 75412
3 7606
3 91262
2 40316
1 51164
1 84601
4 91262
4 7606
4 75412
1 77928
3 82661
3 88384
2 77928
4 88384
4 82661
4 96080
1 28731
4 89781
3 47008
4 47008
3 16326
1 91673
1 82393
4 16326
3 50800
2 82393
3 86407
4 86407
3 66229
3 35851
2 91673
4 35851
1 36490
4 66229
1 79226
1 79703
1 86517
3 67581
3 24879
4 24879
4 67581
4 50800
4 26440
4 21088
2 86517
2 79703
2 79226
4 27089
4 18832
3 7349
4 7349
4 8683
3 57298
1 47789
3 94480
3 71972
2 47789
4 71972
3 97742
1 47453
2 47453
4 97742
1 33423
2 33423
4 94480
4 57298
2 36490
4 39773
3 31526
3 58077
1 34271
3 77934
3 71248
4 71248
4 77934
3 52806
3 40407
3 37990
4 37990
2 34271
2 28731
3 93716
1 51879
1 52558
1 84638
1 2416
2 2416
1 94711
1 78771
3 13089
3 34446
1 76118
1 32800
4 34446
3 68713
3 9697
4 9697
2 32800
1 85903
3 70723
3 52204
1 88722
1 51476
2 51476
3 64467
4 64467
4 52204
1 17705
4 70723
1 37366
1 8215
4 68713
3 57943
4 57943
1 25854
1 34413
2 34413
3 42511
2 25854
2 8215
3 81732
1 30098
1 29434
1 5532
3 40268
3 50043
3 51794
1 1590
1 30317
4 51794
2 30317
2 1590
1 54813
3 58438
2 54813
2 5532
3 90855
2 29434
4 90855
4 58438
3 8256
1 24385
2 24385
3 89733
4 89733
4 8256
1 81789
3 59638
3 61346
4 61346
4 59638
1 93171
4 50043
3 59724
3 17607
4 17607
2 93171
3 45704
3 30689
4 30689
3 81376
3 26045
4 26045
3 72382
3 56276
1 75505
1 4435
3 97437
3 26426
1 34722
2 34722
1 85728
3 41805
3 41200
2 85728
2 4435
1 89517
2 89517
1 28599
4 41200
4 41805
4 26426
4 97437
2 28599
2 75505
1 70753
2 70753
2 81789
3 6989
2 30098
1 66649
1 54135
2 54135
1 62212
2 62212
1 85014
4 6989
2 85014
2 66649
2 37366
2 17705
4 56276
4 72382
2 88722
3 45291
4 45291
1 82925
4 81376
2 82925
4 45704
4 59724
1 59227
2 59227
3 74055
4 74055
2 85903
2 76118
2 78771
4 40268
1 28373
2 28373
1 49397
1 99878
4 81732
1 9406
2 9406
4 42511
3 68696
1 74218
1 65002
3 46746
3 82170
3 37416
3 9998
1 48149
1 2482
3 51239
4 51239
4 9998
3 49483
4 49483
3 50447
1 82806
2 82806
2 2482
2 48149
3 9265
2 65002
2 74218
2 99878
2 49397
1 98461
3 89011
3 14833
1 40256
3 48830
2 40256
3 12228
2 98461
4 12228
1 61533
4 48830
4 14833
1 44316
1 43712
4 89011
4 9265
4 50447
3 73072
1 13044
1 2488
3 47027
4 47027
2 2488
3 54369
2 13044
2 43712
1 9140
1 24186
1 20615
2 20615
3 34677
4 34677
3 346
4 346
3 17241
3 83059
2 24186
1 21665
1 31421
4 83059
4 17241
3 5198
3 22117
1 30031
3 26966
3 93016
1 18711
4 93016
4 26966
1 31776
4 22117
3 71715
2 31776
2 18711
1 64440
3 32841
2 64440
4 32841
3 20926
4 20926
3 44618
3 46605
2 30031
1 4145
2 4145
2 31421
3 11
1 49685
3 50346
2 49685
2 21665
3 29826
2 9140
2 44316
2 61533
3 48877
2 94711
2 84638
3 39300
2 52558
4 39300
3 7554
3 43535
1 97007
4 43535
3 52202
1 99314
3 36559
3 12257
2 99314
3 60166
3 23885
1 18585
4 23885
4 60166
2 18585
3 59284
1 65947
1 23681
4 59284
4 12257
3 51645
2 23681
4 51645
2 65947
4 36559
2 97007
3 97666
3 2798
4 2798
4 97666
1 85896
2 85896
4 52202
4 7554
2 51879
3 85475
3 9442
4 9442
4 85475
1 54426
1 71466
4 48877
4 29826
4 50346
1 86723
2 86723
2 71466
4 11
3 32694
1 77748
1 89931
1 96209
3 71580
3 46399
4 46399
3 94352
3 24066
4 24066
3 99012
1 79643
3 6344
1 31190
4 6344
4 99012
4 94352
2 31190
2 79643
1 1677
2 1677
3 88981
2 96209
3 73599
4 73599
1 31869
4 88981
2 31869
4 71580
2 89931
1 98744
2 98744
2 77748
3 17487
4 17487
2 54426
2 84601
3 79211
3 77475
4 77475
2 51164
2 49484
4 79211
1 33574
3 77278
3 89520
3 28107
2 33574
2 4373
4 28107
3 40213
3 95010
3 68272
4 68272
4 95010
1 66084
4 40213
1 48403
2 48403
2 66084
3 62085
3 12180
4 12180
3 23464
3 74933
2 88742
2 35748
1 24930
3 43969
2 24930
4 43969
2 15803
4 74933
3 59406
4 59406
4 23464
1 53121
1 24532
1 37274
3 22911
2 37274
2 24532
3 20104
4 20104
4 22911
2 53121
4 62085
1 99504
2 99504
4 89520
4 77278
4 32694
2 36794
1 20831
2 20831
3 86986
2 94960
4 86986
4 46605
1 86462
4 44618
4 71715
2 86462
4 5198
4 54369
3 6442
3 37009
2 32006
4 37009
2 18455
2 34864
4 6442
3 54238
4 54238
1 6909
4 73072
1 44628
4 37416
1 96086
2 96086
1 45734
2 45734
3 48621
3 18386
3 64345
4 64345
4 18386
2 44628
3 99882
4 99882
3 51235
4 51235
3 37584
1 68462
1 28850
4 37584
1 49154
3 51472
3 26829
1 92245
2 92245
2 49154
4 26829
1 47923
2 47923
4 51472
2 28850
2 68462
3 99582
1 25034
3 22667
2 25034
1 11646
2 11646
1 8666
3 27401
3 22240
4 22240
3 86716
2 8666
4 86716
3 2629
4 2629
4 27401
3 35238
2 6909
3 2790
4 2790
1 47000
4 35238
4 22667
2 47000
3 15257
4 15257
4 99582
2 11956
2 42045
2 5130
2 18725
4 48621
4 82170
1 17991
2 17991
1 62881
4 46746
3 2147
2 62881
3 74325
2 19280
3 9834
4 9834
4 74325
3 50602
4 50602
2 82303
3 58649
4 58649
3 78097
4 78097
2 48927
1 70391
4 2147
2 70391
1 5216
3 46495
1 33348
4 46495
3 94764
4 94764
2 33348
4 68696
4 13089
1 73985
1 51774
3 14484
4 14484
4 93716
4 40407
3 22572
4 22572
2 51774
3 75352
3 46557
3 92213
4 92213
2 73985
4 46557
3 66369
4 66369
1 38599
3 3809
4 3809
4 75352
1 86137
1 65611
1 79308
4 52806
3 25397
1 94737
1 66569
3 66866
1 45185
1 75969
4 66866
4 25397
1 84424
4 58077
2 84424
4 31526
1 83604
1 4511
4 22059
1 61382
2 61382
4 51764
1 34226
3 66892
4 66892
4 84994
3 98706
3 71731
2 34226
1 31629
4 71731
2 31629
1 53124
1 50844
2 50844
4 98706
2 53124
1 5592
2 5592
4 84768
4 34600
3 81842
2 4511
4 81842
4 68230
1 4354
3 41011
3 43580
3 29675
2 4354
2 83604
2 75969
4 29675
4 43580
4 41011
3 31275
4 31275
1 11100
4 59003
3 71614
4 71614
3 62425
4 62425
4 87339
4 61559
2 11100
3 12031
4 12031
4 93806
3 32558
2 45185
4 32558
1 1086
4 22633
3 4691
3 62918
2 1086
1 39962
1 10573
3 33681
1 53795
1 79687
4 33681
2 79687
4 62918
3 19323
3 7307
1 38410
3 68698
1 26824
4 68698
2 26824
4 7307
2 38410
2 53795
1 53687
1 52362
3 30540
2 52362
2 53687
2 10573
3 86119
1 22090
4 86119
3 96867
2 22090
3 39105
4 39105
1 49243
3 53653
3 59814
2 49243
4 59814
2 39962
4 53653
4 96867
1 19960
3 90025
2 19960
3 12886
1 50209
2 50209
1 49566
3 95613
2 49566
4 95613
2 66569
2 94737
2 79308
4 12886
1 97651
4 90025
2 97651
3 8676
2 65611
1 92006
2 92006
4 8676
2 86137
2 38599
2 5216
1 40940
4 30540
2 40940
4 19323
1 36944
3 83189
1 35619
1 1283
3 74447
1 55167
1 57798
1 21263
3 44481
1 71791
4 44481
1 29930
1 21095
2 21095
4 74447
2 29930
1 72604
4 83189
2 72604
3 67725
1 99647
3 69485
4 69485
3 37394
2 99647
1 34843
4 37394
3 48994
1 95784
4 48994
3 71068
4 71068
3 30719
4 30719
4 67725
1 84605
1 42738
4 4691
2 42738
2 84605
4 68182
2 95784
2 34843
1 81051
1 66613
2 66613
3 14900
2 81051
3 88578
1 68315
1 7189
2 7189
1 65562
3 4426
4 4426
2 65562
2 68315
4 88578
2 71791
2 21263
1 16940
1 30100
4 14900
3 32890
3 62705
4 62705
1 51090
1 93286
4 32890
1 64101
4 61807
4 92635
4 25617
4 25745
2 64101
4 36927
3 99375
4 99375
2 93286
1 32926
1 20679
4 86050
2 20679
1 83819
3 95165
2 83819
3 62974
4 62974
3 44645
4 44645
4 95165
1 72394
2 72394
4 90929
2 32926
3 11327
3 21468
1 93097
3 70165
1 19674
3 31815
1 71166
1 96071
4 31815
2 96071
1 42815
1 32436
2 32436
2 42815
3 63450
3 31269
3 15387
1 34281
1 5982
3 21671
1 7020
1 59509
4 21671
4 15387
3 79452
1 53229
3 85953
3 54818
4 54818
3 90264
2 53229
1 9025
2 9025
1 85931
3 71837
4 71837
1 83795
3 981
4 981
1 44425
3 63499
1 11338
3 80949
2 11338
2 44425
4 80949
4 63499
3 77262
1 20932
3 86721
1 79689
2 79689
4 86721
2 20932
1 42806
1 47014
2 47014
1 3940
2 3940
4 77262
2 42806
4 90264
2 83795
3 76648
1 47046
1 84840
2 84840
1 64328
1 17048
1 971
4 76648
2 971
4 85953
3 47399
2 17048
1 30368
4 47399
1 90531
4 79452
4 31269
2 90531
2 30368
3 70547
2 64328
3 10866
3 63761
2 47046
4 63761
2 85931
1 40401
1 50055
4 10866
1 14828
2 14828
2 50055
2 40401
3 26889
4 26889
1 59901
3 86945
3 70896
2 59901
4 70896
3 89997
2 59509
4 89997
2 7020
1 37830
1 13590
2 13590
3 59483
3 19343
1 23376
4 19343
4 59483
1 85493
1 2857
2 2857
4 86945
1 76284
1 26087
2 26087
4 70547
1 83728
1 48354
2 48354
3 69961
3 95277
4 95277
3 81958
3 78939
3 22462
1 50552
4 22462
2 50552
2 83728
2 76284
3 46189
4 46189
2 85493
3 37142
2 23376
4 37142
3 15210
3 51938
2 37830
1 27964
2 27964
4 51938
3 71636
3 72447
2 5982
1 99394
4 72447
1 92813
3 29992
4 29992
4 71636
2 92813
3 48742
4 48742
2 99394
1 43581
2 43581
2 34281
3 59267
2 71166
3 46353
4 46353
3 59656
3 49473
4 49473
2 19674
1 98296
4 59656
3 99
4 99
2 98296
3 97245
3 5447
1 860
1 13133
4 5447
1 11285
3 1096
2 11285
1 1940
3 10006
2 1940
3 56670
4 56670
2 13133
4 10006
3 74293
1 21814
2 21814
2 860
1 3959
4 74293
2 3959
4 1096
2 93097
4 97245
4 59267
3 20816
4 20816
1 17703
3 75941
4 75941
4 15210
2 17703
1 99743
3 61641
2 99743
2 51090
3 90703
3 68644
2 30100
4 68644
1 74682
2 74682
4 90703
3 75141
4 75141
3 81155
3 33663
4 33663
3 8465
2 16940
3 19790
1 24941
3 17936
2 24941
3 63548
1 50386
2 50386
1 43273
4 63548
1 40393
4 17936
4 19790
1 2607
1 82892
4 8465
4 81155
2 82892
2 2607
2 40393
3 43697
1 87914
1 22655
4 43697
2 22655
4 61641
4 78939
1 20574
2 20574
3 26789
3 13548
4 13548
2 87914
3 84184
4 84184
3 19220
2 43273
3 53328
2 57798
2 55167
1 44153
1 21648
2 21648
1 66391
1 53452
2 53452
3 84232
2 66391
1 51013
4 84232
4 53328
2 51013
1 71434
2 71434
3 55692
1 38785
3 93794
4 93794
3 49391
1 37423
1 69885
1 96439
3 44458
2 96439
3 76408
3 42078
4 42078
2 69885
4 76408
3 73932
4 73932
1 93328
3 64215
4 64215
4 44458
4 49391
1 45264
2 45264
3 99866
3 30124
1 34240
2 34240
3 97190
3 53072
1 24873
3 38126
4 38126
2 24873
1 73046
4 53072
1 55405
1 84753
3 24444
3 10988
3 88034
1 74070
2 74070
4 88034
4 10988
3 65287
1 9536
4 65287
2 9536
4 24444
4 97190
2 84753
3 69432
1 95482
4 69432
3 18705
1 98422
4 18705
2 98422
4 30124
4 99866
1 17332
2 17332
3 94951
2 95482
4 94951
2 55405
3 61228
2 73046
3 75784
2 93328
1 48890
3 86470
1 67137
2 67137
2 48890
4 86470
1 86335
3 47165
4 47165
2 86335
4 75784
3 43525
4 43525
2 37423
1 58822
4 61228
1 80886
1 31820
2 31820
2 80886
2 58822
1 15306
2 15306
4 55692
4 19220
2 38785
4 26789
3 41123
4 41123
1 61311
1 65012
3 31878
3 8154
4 8154
2 65012
4 31878
4 81958
1 88739
2 88739
2 61311
3 66304
1 61332
4 66304
1 72715
1 83554
3 80020
1 92703
3 51953
3 41499
2 92703
4 41499
2 83554
1 83330
3 55469
1 4271
4 55469
2 4271
2 83330
4 51953
4 80020
2 72715
2 61332
3 81116
3 66135
1 40813
4 66135
1 22291
2 22291
4 81116
1 60102
2 60102
3 9670
2 40813
1 86386
3 91065
2 86386
2 44153
3 74708
3 95554
2 1283
3 25330
3 95029
2 35619
4 95029
1 93565
2 93565
4 25330
2 36944
4 95554
3 95555
4 95555
1 80318
4 74708
1 22293
2 22293
3 79778
4 79778
1 6598
1 28808
1 23333
4 91065
1 56106
4 9670
1 76948
1 10317
3 70502
3 40340
4 40340
3 6537
1 78127
2 78127
1 46717
4 6537
1 84282
2 84282
1 82486
3 30445
3 6278
4 6278
4 30445
3 20739
4 20739
2 82486
3 7472
2 46717
4 7472
3 52067
4 52067
2 10317
4 70502
2 76948
3 4858
1 862
1 77439
1 21660
3 36056
1 79619
3 6464
3 11258
4 11258
2 79619
4 6464
3 74412
3 39954
4 39954
2 21660
4 74412
2 77439
2 862
2 56106
4 36056
1 59686
1 6537
3 7253
2 6537
2 59686
3 39545
2 23333
3 81392
2 28808
3 33811
3 88610
2 6598
4 88610
4 33811
2 80318
3 38648
2 30428
2 18580
3 76861
3 41300
4 41300
2 60320
2 80903
4 76861
1 74875
2 74875
1 67031
1 2557
4 38648
4 81392
3 52694
1 90378
1 32441
1 62649
4 52694
3 80435
2 62649
4 80435
3 53624
3 27376
1 45674
1 67446
3 65127
2 67446
4 65127
2 45674
1 47615
4 27376
1 29824
4 53624
2 29824
2 47615
1 794
1 76485
1 27868
2 27868
3 16483
4 16483
1 12182
4 39545
4 7253
2 12182
2 76485
2 794
1 85201
2 85201
4 4858
1 30348
2 30348
4 69961
3 15902
4 15902
1 28891
1 1572
1 85485
3 70531
1 98895
4 70531
3 89873
1 96632
2 96632
3 76309
2 98895
4 76309
4 89873
3 59956
1 62075
3 12075
2 62075
1 23421
3 36522
4 36522
1 25202
4 12075
4 59956
3 273
2 25202
3 76055
2 23421
2 85485
4 76055
1 5892
3 32383
2 5892
3 27868
1 36303
4 27868
1 75023
4 32383
2 75023
3 64797
2 36303
3 7861
4 7861
1 36138
3 54186
1 39673
2 39673
3 75723
2 36138
2 1572
4 75723
1 14920
1 68443
4 54186
4 64797
2 68443
4 273
3 47953
4 47953
1 64252
3 14998
3 40253
3 23582
2 64252
3 39021
1 73079
2 73079
3 70015
2 14920
2 28891
4 70015
2 32441
2 90378
2 2557
3 79794
1 47092
3 65809
4 65809
2 47092
2 67031
1 47310
1 45059
2 45059
4 79794
2 47310
4 39021
4 23582
4 40253
2 42967
1 80877
2 80877
4 14998
3 20841
4 20841
1 90905
1 48810
4 63450
3 44052
3 19179
1 24358
3 61469
3 56962
4 56962
1 78627
1 70075
4 61469
3 59747
3 83307
3 59166
4 59166
4 83307
2 70075
1 32521
1 74708
2 74708
1 2748
1 50095
1 8793
4 59747
1 99026
1 25679
4 19179
4 44052
3 38439
3 90675
1 74807
2 74807
2 25679
2 99026
3 99934
2 8793
1 67144
3 26579
4 26579
2 67144
2 50095
1 43648
2 43648
3 25425
3 34676
2 2748
2 32521
3 83103
4 83103
1 65926
4 34676
3 33476
2 65926
4 33476
2 78627
2 24358
4 25425
4 99934
2 48810
1 64186
2 64186
4 90675
1 79743
4 38439
3 78066
3 83907
4 83907
4 78066
4 70165
1 356
3 97151
1 56042
3 22348
3 87716
3 19965
3 35617
1 37050
2 37050
1 83252
2 83252
3 88784
2 56042
3 56774
4 56774
1 76934
1 89780
4 88784
1 57063
4 35617
4 19965
4 87716
1 8633
2 8633
1 39710
4 22348
4 97151
4 21468
3 23708
3 59524
3 26874
3 82094
2 39710
2 57063
1 67548
1 70195
1 77597
2 77597
1 69863
4 82094
1 12572
1 40235
3 6905
1 58454
3 36409
4 36409
1 70250
4 6905
2 70250
2 58454
2 40235
3 96188
4 96188
2 12572
1 69248
3 61775
4 61775
2 69248
3 46423
3 78521
1 25322
3 4729
4 4729
2 25322
3 42923
2 69863
2 70195
1 40926
3 13602
4 13602
1 19174
1 98299
2 98299
1 8207
2 8207
3 12134
1 34764
4 12134
2 34764
4 42923
2 19174
4 78521
3 43357
1 65966
3 60952
2 65966
3 97110
1 90189
3 60898
4 60898
1 39691
2 39691
2 90189
3 53973
2 40926
4 53973
2 67548
1 47957
4 97110
3 48952
2 47957
4 48952
2 89780
4 60952
3 84915
2 76934
2 356
2 79743
2 90905
1 72551
4 84915
3 77271
2 72551
4 77271
2 2985
4 43357
3 9270
2 22672
3 12732
3 26551
2 90554
4 26551
4 12732
4 9270
3 25587
3 98003
3 86220
4 86220
4 98003
4 25587
3 96709
1 19180
1 60146
1 43911
4 96709
2 43911
4 46423
1 92764
4 26874
2 92764
3 7886
2 60146
3 94920
1 24442
2 24442
1 37126
4 94920
4 7886
4 59524
2 37126
3 59280
2 19180
2 69022
2 11327
3 23999
3 20903
1 37765
2 37765
3 87629
3 56505
4 56505
2 23708
4 87629
1 34774
4 20903
3 69720
1 44877
3 96773
3 83545
2 44877
1 60078
1 52204
1 22245
1 95642
1 70852
4 83545
2 70852
2 95642
1 68111
3 22797
2 68111
1 99735
4 22797
2 99735
4 96773
2 22245
1 83327
4 69720
2 83327
1 79078
3 72149
4 72149
3 70499
3 96868
2 79078
3 9901
2 52204
2 60078
3 69300
2 34774
3 93788
4 93788
1 93127
2 93127
4 69300
2 59280
4 9901
3 19664
4 19664
4 96868
2 23999
4 70499
1 94189
1 25418
1 4902
2 4902
1 74200
2 74200
2 25418
1 1278
3 84980
3 9567
4 9567
1 39158
1 30993
2 30993
4 84980
2 39158
1 33958
1 61220
2 61220
4 94189
3 25384
1 62820
2 62820
1 49265
3 20556
1 3494
4 20556
1 1417
1 62633
3 36402
1 53962
1 13169
4 36402
4 25384
4 1278
2 13169
4 33958
2 53962
4 49265
3 94359
4 94359
4 3494
2 62633
4 1417
1 61980
1 82900
2 82900
3 85655
4 85655
1 31581
1 47764
4 61980
4 31581
1 72217
2 72217
1 51211
1 1295
1 77753
1 88936
3 28430
3 37668
2 88936
4 37668
3 91383
3 40187
4 40187
4 91383
2 77753
3 98491
1 11
1 89197
1 79378
4 98491
2 79378
2 89197
3 84849
4 84849
4 28430
4 47764
1 54154
4 51211
1 6563
4 1295
2 6563
1 58643
1 57732
3 98778
4 98778
1 15980
2 15980
2 57732
3 72586
3 64702
3 41705
3 39586
1 8504
4 39586
1 71648
1 12512
2 12512
3 47050
2 71648
3 26379
2 8504
3 33204
3 3644
3 9637
3 94296
3 48534
3 61356
1 36739
4 61356
2 36739
3 90470
3 84604
2 58643
4 84604
1 40685
3 93849
2 40685
1 58720
1 40371
2 40371
1 35917
4 93849
4 90470
1 48488
3 21738
1 12421
1 94179
3 55547
4 55547
1 88999
2 88999
4 21738
2 94179
1 70329
2 70329
4 48534
2 12421
3 61837
3 59293
3 61093
1 71535
3 3469
3 67817
1 42681
3 43862
3 25838
4 25838
1 40881
4 43862
3 64659
4 64659
1 57191
2 57191
3 74133
4 74133
1 56560
3 23061
1 98769
1 20199
2 20199
1 15718
4 23061
3 12044
4 12044
1 30441
2 30441
4 67817
4 3469
3 82071
1 95031
1 71213
3 84300
2 71213
3 68483
2 95031
4 68483
3 96816
2 15718
2 98769
4 96816
1 30369
3 23321
2 30369
4 23321
3 66534
1 99544
4 66534
2 99544
4 84300
4 82071
1 52920
1 91213
3 96139
2 91213
1 45766
1 11192
2 11192
3 41316
2 45766
3 87886
2 52920
2 56560
4 87886
1 91453
2 91453
1 7830
1 35341
1 56779
4 41316
2 56779
3 24785
4 24785
4 96139
4 61093
3 8890
2 35341
1 96449
3 49817
2 96449
4 49817
2 7830
1 93782
2 93782
1 29972
1 13270
1 17000
3 66772
2 17000
1 53790
4 66772
4 8890
1 82567
3 76470
4 76470
3 21053
1 61060
4 21053
2 61060
1 90853
4 59293
1 58960
2 58960
4 61837
2 90853
2 82567
1 96601
3 8487
2 96601
4 8487
2 53790
4 94296
3 90798
3 96166
2 13270
2 29972
1 63464
2 63464
3 82842
2 40881
2 42681
2 71535
1 77019
3 77849
3 45675
3 82630
2 77019
1 27443
4 82630
3 12246
2 27443
4 12246
4 45675
2 48488
3 70048
3 34537
1 23214
3 96843
4 96843
4 34537
1 32788
4 70048
3 35883
4 35883
2 32788
3 61628
4 61628
3 75614
3 80962
2 23214
2 35917
3 91966
4 91966
2 58720
4 80962
3 14993
3 39405
2 54154
4 39405
3 38073
3 14631
1 72910
2 72910
3 12456
1 23869
1 12025
3 41656
3 16367
1 26267
1 48636
4 16367
3 18376
4 18376
2 48636
2 26267
4 41656
4 12456
1 41029
2 41029
1 28715
2 28715
4 14631
4 38073
2 12025
2 23869
2 11
4 14993
1 47831
3 42594
4 42594
2 47831
1 27341
3 79030
3 81854
1 32492
4 81854
4 79030
3 52068
1 90844
1 34322
2 34322
2 90844
4 52068
3 98865
2 32492
1 54823
1 81154
3 46993
2 81154
2 54823
2 27341
3 23802
2 72586
3 80905
4 80905
3 51248
1 16513
2 16513
1 50817
4 51248
3 9414
4 9414
1 24706
3 21200
3 65384
2 24706
2 50817
2 64702
2 41705
1 10411
2 10411
3 23789
2 47050
4 23789
4 65384
1 21030
3 91877
3 31273
3 22501
4 22501
3 63522
3 58115
3 16379
3 90275
3 33035
2 21030
3 24490
4 24490
4 33035
3 71302
4 71302
1 52647
3 53068
4 53068
2 52647
2 26379
4 90275
2 33204
3 52408
3 20882
4 20882
4 52408
2 3644
1 37068
2 37068
2 9637
1 94237
2 94237
3 3725
3 20363
3 67272
2 90798
4 67272
3 14182
4 14182
4 20363
3 33464
2 96166
4 33464
2 82842
3 32410
2 77849
2 75614
1 79850
1 54475
4 32410
2 54475
2 79850
4 3725
1 61310
4 16379
2 61310
3 15508
3 51636
4 51636
4 15508
3 69453
1 65323
1 26053
3 57258
2 26053
4 57258
2 65323
1 9245
1 81831
4 69453
1 12780
3 19506
3 51260
2 12780
3 20774
4 20774
2 81831
2 9245
1 67169
1 60269
1 95966
2 95966
4 51260
4 19506
4 58115
1 7995
3 29283
4 29283
3 123
1 92285
1 4356
4 123
3 59599
2 4356
1 39809
4 59599
1 5381
3 84023
3 36822
4 36822
3 82268
1 19109
3 98223
1 69941
3 47586
4 47586
2 69941
4 98223
1 17459
3 7228
1 48597
3 369
1 19972
2 19972
2 48597
3 58914
3 72477
1 86976
4 72477
1 60349
2 60349
1 79465
2 79465
4 58914
4 369
1 56118
3 35948
2 56118
3 50977
1 98983
3 20637
1 85742
2 85742
3 16315
2 98983
3 1688
4 1688
4 16315
3 81341
3 68333
2 86976
3 87558
3 36006
4 36006
4 87558
1 47993
1 43805
3 60587
2 43805
1 62110
2 62110
4 60587
1 18634
4 68333
4 81341
1 9096
2 9096
4 20637
2 18634
3 38906
3 57838
4 57838
4 38906
3 53820
3 64682
4 64682
4 53820
2 47993
2 17459
2 19109
4 50977
2 5381
3 24680
1 15458
4 24680
4 35948
4 7228
3 64548
1 42485
1 48157
4 64548
2 48157
1 85961
3 20455
3 93702
4 93702
4 20455
1 96478
1 82323
1 82805
3 98274
3 2152
1 64487
2 64487
3 76617
2 82805
1 68475
1 32879
4 76617
3 22937
4 22937
4 2152
3 80452
3 84857
2 32879
1 1632
2 1632
3 55702
4 55702
2 68475
4 84857
2 82323
4 80452
2 96478
1 93637
3 81552
3 19307
4 19307
3 6055
3 69546
4 69546
4 6055
2 93637
3 73029
2 85961
1 41554
1 70028
1 43255
1 22622
2 22622
2 43255
1 38817
4 73029
3 13797
3 14688
1 92414
1 7585
4 14688
4 13797
1 42815
3 80067
4 80067
1 25271
4 81552
3 69261
3 7879
2 25271
2 42815
4 7879
1 19986
3 29861
4 29861
1 7184
2 7184
2 19986
1 60290
3 14419
4 14419
4 69261
2 60290
2 7585
4 98274
1 5279
4 82268
1 21402
2 21402
3 77139
2 5279
4 77139
3 76304
4 76304
2 92414
3 15088
4 15088
4 84023
2 38817
3 4418
3 89431
1 26093
2 26093
3 97800
3 25360
3 57126
3 21548
1 20309
2 20309
2 70028
3 55623
2 41554
3 78538
2 42485
2 15458
4 78538
3 82302
4 82302
4 55623
1 93690
4 21548
1 76
1 10956
2 10956
1 74308
1 79912
3 83827
3 86069
3 77560
2 79912
4 77560
1 26854
4 86069
3 89432
2 26854
1 49431
4 89432
4 83827
4 57126
4 25360
4 97800
3 98697
2 49431
3 13341
3 17821
4 17821
3 85247
3 70685
2 74308
1 37274
1 50037
3 34102
4 34102
3 43331
4 43331
1 1660
3 43546
2 1660
3 21188
2 50037
2 37274
1 21311
4 21188
2 21311
4 43546
3 61711
4 61711
4 70685
1 71648
2 71648
3 62092
4 62092
3 58781
1 37390
1 18174
2 18174
4 58781
4 85247
3 37373
1 81065
3 96791
4 96791
4 37373
3 36372
4 36372
4 13341
2 81065
4 98697
2 37390
2 76
4 89431
3 91563
4 91563
3 22888
2 93690
4 22888
3 54110
2 39809
2 92285
3 88943
4 88943
3 20154
3 80883
4 80883
2 7995
2 60269
3 20278
4 20278
3 91612
3 50615
4 50615
2 67169
2 98865
1 62312
1 10425
2 10425
4 91612
4 20154
4 54110
2 62312
1 10679
4 4418
2 10679
2 46993
2 23802
1 95400
4 63522
2 95400
1 83482
2 83482
4 31273
3 20017
4 20017
3 1201
4 1201
2 21200
1 6910
4 91877
4 6910
1 35090
2 35090
3 32104
1 10132
1 69184
1 59177
2 59177
1 4149
1 8010
1 78392
3 3146
3 93576
3 31537
3 15967
1 13126
2 13126
4 15967
1 95798
1 72138
3 26353
3 77096
2 72138
1 83143
2 83143
1 80491
1 99162
2 99162
3 99110
2 80491
3 3010
2 95798
4 3010
4 99110
3 63353
1 9790
3 36676
4 36676
3 30392
3 25209
2 9790
2 78392
2 8010
2 4149
1 30021
1 63497
3 21211
3 63413
2 63497
3 77373
3 26396
4 26396
2 30021
1 80031
3 10384
1 57132
1 38580
1 74622
2 74622
1 30839
2 30839
1 71674
1 12692
2 12692
4 10384
4 77373
1 57366
4 63413
4 21211
4 25209
4 30392
2 57366
3 66989
1 53396
2 53396
4 66989
1 58610
2 58610
4 63353
4 77096
3 92355
1 6463
3 7622
2 6463
2 71674
3 51964
4 51964
1 63100
3 57655
4 57655
1 69717
3 31121
2 69717
1 62704
1 82380
4 31121
2 82380
4 7622
3 57961
4 57961
4 92355
3 45464
4 45464
3 81561
3 97021
2 62704
2 63100
2 38580
2 57132
2 80031
1 94875
4 97021
4 81561
1 7336
4 26353
4 31537
3 65141
1 82889
2 82889
1 26661
2 26661
3 55827
4 55827
4 65141
2 7336
2 94875
2 69184
1 21171
4 93576
2 21171
4 3146
4 32104
3 71394
3 12686
4 12686
2 10132
4 71394
1 4323
4 4323
1 8685
3 82866
3 62137
1 78466
4 62137
1 62663
1 5773
4 82866
3 19805
2 5773
4 19805
1 28703
1 68841
2 68841
4 8685
3 14393
4 14393
1 9778
2 9778
4 78466
3 34547
3 92461
3 93085
2 28703
1 41323
2 41323
3 35741
2 62663
4 35741
4 93085
1 68106
3 31469
4 31469
2 68106
2 34547
2 92461
1 10504
4 10504
1 58919
3 57813
2 58919
3 2636
2 57813
3 97679
3 74876
3 53912
1 44442
1 31726
1 90166
4 53912
2 90166
2 31726
3 85826
2 44442
3 93400
4 93400
4 85826
4 74876
2 2636
1 73725
2 73725
4 97679
3 51011
2 51011
3 47325
4 47325
1 55641
4 55641
3 29408
4 29408
1 26887
4 26887
1 8084
2 8084
3 69230
1 82613
2 82613
4 69230
1 33754
4 33754
3 97452
4 97452
1 68601
4 68601
1 80887
4 80887
1 36711
2 36711
3 98643
2 98643
1 51758
1 28935
4 51758
2 28935
3 99241
4 99241
1 63658
4 63658
3 73996
3 16601
1 36515
2 36515
3 7747
3 36398
1 5121
3 59258
3 51539
3 11365
2 5121
3 43213
2 73996
2 16601
4 43213
1 54587
2 54587
1 61510
3 97792
3 21276
3 68716
1 33064
1 6194
4 68716
4 21276
2 6194
3 25907
4 25907
4 97792
3 66344
1 44727
4 66344
2 44727
2 33064
3 40335
3 42788
2 61510
2 7747
2 36398
4 42788
2 59258
4 40335
2 51539
4 11365
1 40577
1 37110
1 21549
4 40577
3 68694
2 21549
2 37110
3 54658
2 68694
4 54658
3 60657
4 60657
1 97298
4 97298
1 22720
4 22720
1 37715
1 46812
3 70776
4 70776
3 28284
4 28284
1 72179
1 17299
4 37715
1 95736
2 95736
2 17299
2 72179
3 44745
2 46812
3 30206
2 44745
3 14325
2 30206
1 52956
1 37404
3 41804
1 49789
2 49789
4 41804
1 71916
2 71916
2 37404
1 35647
4 14325
4 52956
4 35647
3 82603
1 60751
4 82603
4 60751
1 72442
2 72442
3 67230
3 12828
1 95977
2 95977
2 67230
3 23803
1 2480
1 95917
2 95917
1 97199
4 23803
3 64137
4 64137
1 85603
4 12828
2 85603
2 97199
3 87438
2 2480
3 73280
1 59326
1 5797
4 73280
3 65062
4 65062
4 87438
2 5797
4 59326
1 93641
1 98471
4 93641
2 98471
3 22698
1 98819
3 71918
3 70374
2 98819
3 80766
3 3554
3 89973
2 22698
2 71918
4 89973
4 3554
2 70374
1 98665
1 83473
4 80766
2 83473
2 98665
1 32672
2 32672
3 75772
1 11055
1 96096
4 75772
1 52517
4 11055
3 99394
3 30141
3 27416
1 83896
2 83896
3 57740
1 37401
3 2970
4 2970
4 57740
4 27416
1 11820
4 30141
2 11820
1 98840
1 38639
3 11889
1 16108
3 19629
1 58620
1 95946
4 19629
2 95946
1 98693
1 23623
3 88533
3 10923
2 23623
1 26573
3 50289
4 50289
3 82055
1 80741
1 81866
4 82055
1 67379
2 67379
4 10923
3 1480
2 81866
1 31871
2 31871
3 45848
3 52267
3 50020
1 7794
3 84198
3 29803
3 32114
4 32114
1 65314
4 29803
4 84198
1 75646
3 33524
4 33524
4 50020
1 43267
3 25752
2 43267
4 25752
2 75646
1 4512
1 86208
2 86208
1 89515
4 52267
2 89515
2 4512
1 47739
2 47739
2 65314
2 7794
1 62103
4 45848
3 12022
2 62103
3 59190
2 80741
2 26573
4 59190
4 12022
2 98693
4 1480
4 88533
1 1963
4 11889
4 99394
3 62221
2 1963
3 4390
2 58620
1 13497
2 13497
1 64456
4 4390
3 40258
1 68989
3 1363
1 52934
2 52934
3 41317
2 68989
2 64456
1 23682
3 17190
2 23682
1 80502
1 92083
3 14610
4 14610
4 17190
2 92083
2 80502
3 47439
1 53151
1 35363
4 47439
4 41317
4 1363
3 13834
4 13834
3 91990
4 91990
4 40258
2 35363
4 62221
3 3065
2 53151
2 16108
2 38639
2 98840
1 37409
1 61273
3 79735
2 61273
1 15435
2 15435
1 291
2 291
1 7878
1 69275
2 69275
4 79735
2 7878
1 80122
3 73943
1 26384
1 20639
4 73943
1 83134
4 3065
4 96096
3 543
3 51859
2 83134
3 5714
2 20639
4 5714
4 51859
3 20416
4 20416
1 39844
4 543
3 58682
1 75914
2 75914
4 58682
2 39844
2 26384
1 3730
3 28938
2 3730
2 80122
2 37409
1 61161
1 85425
1 24092
4 28938
4 52517
1 96033
2 96033
3 98902
4 98902
1 96499
4 37401
4 61161
2 96499
3 84020
2 24092
2 85425
3 60934
1 26708
1 8480
4 60934
4 84020
3 98323
2 8480
1 99363
4 98323
3 25504
4 25504
4 26708
1 23462
4 99363
3 63643
2 23462
1 88467
2 88467
4 63643
3 71707
2 71707
1 13713
3 50163
3 57827
2 13713
3 47618
1 74844
3 4981
1 20960
4 4981
2 20960
3 80655
1 95299
4 80655
1 54400
1 4846
1 58330
4 47618
1 68442
4 57827
4 50163
3 38000
3 13994
2 68442
3 25234
2 58330
2 4846
2 54400
2 95299
3 1602
2 74844
4 1602
1 38572
3 70966
1 70133
4 70966
4 25234
4 13994
3 66033
4 66033
2 70133
3 92325
3 83093
2 38572
4 83093
2 38000
2 92325
3 67276
1 57657
2 57657
3 40071
1 33674
3 85489
4 85489
3 52178
4 52178
1 26750
4 40071
3 4092
2 26750
2 33674
2 67276
4 4092
1 90582
4 90582
3 42747
3 14697
4 14697
3 51989
4 51989
1 13387
1 52799
3 76115
3 21513
4 21513
1 12996
2 12996
1 36215
1 84116
2 84116
1 34040
1 18716
4 76115
3 10582
4 10582
3 32980
3 69857
4 69857
2 18716
1 13068
1 35263
2 35263
3 71038
4 71038
1 32156
1 28122
1 55006
3 17734
2 55006
4 17734
1 95975
2 95975
1 37162
1 35211
2 35211
1 68925
3 57132
2 68925
1 91107
3 76490
3 65861
2 91107
4 65861
1 72365
3 17870
2 72365
3 43899
3 45394
2 37162
3 80014
4 80014
3 39270
1 34284
3 90947
2 34284
3 23439
4 23439
2 28122
3 56859
2 32156
4 56859
4 90947
1 92080
4 39270
4 45394
2 92080
4 43899
3 56300
2 13068
2 34040
4 56300
2 36215
2 52799
4 17870
1 72456
2 72456
2 13387
4 76490
4 57132
3 44471
2 42747
3 78250
1 56423
4 78250
4 44471
3 85912
2 56423
3 66400
3 37216
2 32980
4 37216
2 85912
3 17726
2 66400
4 17726
3 91476
1 26235
3 50657
3 31279
3 45612
3 24280
1 38192
1 54648
2 54648
3 17301
3 82946
2 38192
4 82946
4 17301
4 24280
4 45612
3 68281
2 26235
2 91476
1 68633
4 68281
4 31279
1 99013
3 2776
1 92401
1 71587
2 71587
2 92401
2 99013
4 2776
2 68633
2 50657
3 15611
4 15611
1 68919
2 68919
3 17285
1 4443
4 17285
3 35928
3 68087
4 68087
2 4443
2 35928
1 19334
4 19334
3 42744
4 42744
1 61032
1 26550
2 26550
1 83394
2 83394
2 61032
1 75918
1 28441
4 75918
1 88840
2 88840
3 4703
4 4703
1 79340
2 79340
4 28441
3 76419
3 42509
3 68832
2 76419
1 28370
3 58035
1 66226
4 58035
2 66226
4 68832
4 42509
4 28370
1 16640
1 59244
3 28065
2 59244
4 28065
1 43927
4 16640
3 27841
3 29386
4 29386
3 69312
4 69312
2 43927
2 27841
1 83044
1 98578
2 98578
2 83044
1 54132
3 24482
4 24482
4 54132
3 71146
4 71146
3 87874
1 79236
2 79236
1 29844
2 29844
3 16875
1 38200
2 38200
4 16875
4 87874
3 87443
1 33228
3 50237
2 33228
1 57041
3 52136
2 57041
4 52136
3 93285
2 87443
3 84692
3 16608
4 16608
2 50237
1 45911
4 84692
3 87872
1 39032
3 38309
1 17478
3 6522
2 17478
1 57149
1 23392
4 6522
3 45690
1 78998
4 45690
1 18970
4 38309
1 12473
2 12473
1 44746
1 9116
3 62504
4 62504
4 87872
4 93285
3 24402
2 9116
4 24402
2 44746
3 95256
4 95256
2 18970
3 49011
4 49011
1 75478
4 45911
2 75478
3 22653
2 78998
1 28168
3 25873
1 58871
1 19196
1 22412
3 45547
1 99454
3 61745
2 99454
3 76848
2 22412
3 82036
2 19196
2 58871
1 23875
2 23875
1 4195
1 91425
4 82036
2 91425
1 78191
4 76848
1 42071
3 5209
1 63295
3 97216
1 92542
4 97216
3 99751
2 92542
2 63295
1 93261
4 99751
2 93261
3 53600
4 53600
4 5209
3 79538
2 42071
4 79538
4 61745
1 75348
1 76504
1 56710
4 45547
3 26215
1 68177
2 68177
4 26215
4 25873
4 22653
4 39032
4 57149
2 56710
3 36692
3 21311
1 27871
4 21311
2 27871
1 14178
4 36692
3 3533
2 14178
2 76504
1 24244
3 82913
4 82913
4 3533
1 83495
2 83495
1 16538
2 16538
2 24244
3 30201
3 10679
3 33209
3 36518
1 44448
3 95252
4 95252
3 843
1 27426
1 53071
1 49483
3 48163
2 49483
1 80146
4 48163
1 43735
1 53931
4 843
2 53931
3 21723
1 66056
2 66056
2 43735
4 21723
1 52822
1 46853
2 46853
1 27524
4 36518
2 27524
4 33209
3 47796
1 15144
4 47796
4 10679
1 28755
2 28755
2 15144
3 95560
4 95560
2 52822
4 30201
2 80146
2 53071
4 23392
4 28168
3 59061
3 58423
4 58423
4 59061
1 57408
4 4195
1 67968
2 67968
3 17742
1 25156
1 73796
1 63573
1 91053
1 64793
3 25759
2 64793
4 25759
4 17742
1 85161
4 78191
2 85161
1 80666
2 80666
2 91053
3 45900
4 45900
1 79185
4 75348
2 79185
1 87793
3 93454
2 87793
1 32724
2 32724
4 93454
3 30544
4 30544
4 44448
3 23030
2 63573
3 94238
2 73796
2 25156
2 57408
4 94238
1 61633
2 61633
4 23030
4 27426
1 72669
1 30492
4 72669
3 51350
1 540
2 540
4 51350
1 31227
1 79249
1 21103
2 21103
4 30492
3 37843
4 37843
3 55192
1 70207
3 37895
2 70207
2 79249
2 31227
4 37895
1 80477
3 67837
2 80477
2 55192
4 67837
1 74053
2 74053
1 13942
1 82146
3 88421
1 53097
4 88421
3 27448
2 53097
2 82146
1 84731
1 58893
4 27448
4 13942
4 84731
3 73316
3 16273
1 47931
4 16273
1 51328
3 27766
4 27766
4 73316
4 58893
2 51328
4 47931
1 45273
1 79795
2 79795
3 472
3 62532
1 30025
2 30025
2 45273
4 62532
2 472
3 43623
4 43623
3 39788
3 6489
4 6489
1 82619
2 82619
1 8376
4 39788
1 65485
1 77293
3 38157
4 38157
2 77293
3 29452
1 1258
2 1258
4 29452
3 458
4 458
2 65485
3 13178
3 36378
4 36378
3 27030
1 47405
4 27030
3 92468
3 66782
3 18401
1 44323
2 44323
2 47405
4 18401
3 28936
3 91058
1 34858
4 91058
4 28936
2 34858
3 91052
1 69355
1 46925
3 25708
2 46925
2 69355
3 18994
3 99001
1 63773
3 99551
3 95195
1 88786
2 88786
4 95195
3 82477
4 82477
1 28511
2 28511
4 99551
3 91063
1 40668
4 91063
2 40668
4 99001
1 52277
3 37548
1 86559
4 37548
4 18994
1 92974
2 92974
1 87721
2 87721
4 25708
3 49347
3 94061
4 94061
4 49347
3 66023
2 86559
4 66023
3 83536
2 52277
3 7133
2 63773
1 72145
1 51110
1 97832
4 7133
2 97832
3 43948
3 73991
4 73991
3 60287
2 51110
1 95791
4 60287
1 74056
4 43948
3 22884
3 38145
1 5080
4 38145
3 68103
4 68103
4 22884
2 5080
2 74056
3 6341
3 60184
3 73138
3 21857
2 95791
3 93136
4 93136
4 21857
1 29454
1 66485
3 65619
4 65619
1 204
4 73138
3 91484
4 91484
4 60184
4 6341
3 74632
2 204
1 80366
3 37843
3 39418
1 37963
2 37963
1 44731
3 80146
3 14244
3 35334
1 64255
1 69272
3 45619
3 28515
2 69272
2 64255
1 23020
1 6382
2 6382
1 94257
3 79581
2 94257
1 92279
3 63437
3 35
2 92279
2 23020
1 92918
4 35
4 63437
1 99520
2 99520
2 92918
3 5292
3 22404
4 22404
4 5292
4 79581
1 70232
1 11975
2 11975
3 57098
3 65593
1 70597
3 32864
3 17676
2 70597
2 70232
1 67371
2 67371
1 54545
4 17676
4 32864
4 65593
1 37039
3 94622
2 37039
2 54545
2 44731
2 80366
4 94622
1 17294
1 65123
4 57098
4 28515
1 52802
4 45619
1 21584
2 21584
1 85786
1 31332
4 35334
2 31332
3 76940
1 61695
3 25676
1 7620
2 7620
4 25676
3 16387
2 61695
2 85786
2 52802
1 67130
2 67130
4 16387
4 76940
2 65123
1 358
2 358
2 17294
4 14244
3 48609
1 2905
3 15530
4 15530
1 18017
2 18017
3 60564
4 60564
3 67821
1 94431
4 67821
2 94431
2 2905
2 66485
4 48609
1 65606
4 80146
4 39418
3 16154
2 65606
3 23831
3 78985
4 78985
2 29454
3 9604
2 72145
2 8376
4 9604
3 8485
1 1171
1 44404
4 8485
2 44404
1 92714
2 92714
4 23831
3 7813
1 12018
1 83404
4 7813
1 60425
1 17541
4 16154
4 37843
4 74632
4 83536
1 5863
1 72649
1 11361
4 91052
4 66782
2 11361
3 46125
2 72649
3 49198
2 5863
2 17541
2 60425
1 87480
4 49198
3 37202
2 87480
2 83404
3 23890
3 19675
4 19675
2 12018
1 71137
4 23890
3 46431
1 23508
4 46431
1 1946
1 3422
2 3422
4 37202
4 46125
3 70405
2 1946
3 94390
1 97170
1 4716
2 4716
4 94390
4 70405
3 64348
3 72659
3 21934
2 97170
4 21934
4 72659
1 14063
2 14063
4 64348
1 74583
3 36417
1 24113
2 24113
2 74583
3 64505
1 6071
3 36538
4 36538
1 76562
2 76562
3 31944
1 26410
2 26410
1 21957
3 85917
1 36495
1 82896
4 85917
1 82667
3 14683
2 82667
4 14683
3 80558
3 76007
1 27701
3 48051
1 39596
3 51696
1 52312
2 52312
4 51696
4 48051
4 76007
4 80558
2 39596
1 29420
4 31944
4 64505
1 34245
2 34245
2 29420
3 70657
3 24013
3 36262
1 83096
2 83096
3 28164
2 27701
1 58878
4 28164
3 73962
3 51641
3 37965
4 37965
4 51641
3 48537
2 58878
4 48537
1 17064
3 42424
1 57384
1 53455
1 60650
4 42424
2 60650
1 83084
3 51586
3 33499
4 33499
1 99590
2 99590
4 51586
1 65035
2 65035
3 76046
2 83084
4 76046
2 53455
2 57384
3 30053
3 852
3 20548
4 20548
1 51573
3 30512
3 69904
1 14496
2 14496
3 85677
3 27411
3 40817
1 11627
3 26698
2 11627
2 51573
2 17064
2 82896
2 36495
4 26698
3 4353
2 21957
2 6071
2 23508
2 71137
3 60457
1 20853
4 60457
3 6273
4 6273
2 20853
3 31384
1 1051
2 1051
2 1171
2 13178
3 28869
2 92468
4 28869
4 31384
2 36417
2 70657
2 24013
3 52361
4 52361
4 4353
3 97135
3 41700
1 16077
1 54701
1 72495
1 99370
3 86465
2 99370
3 48627
3 94787
4 94787
4 48627
1 28726
2 28726
2 72495
2 54701
1 72007
1 60435
1 27846
2 27846
1 74263
1 95405
3 67703
4 67703
1 58242
2 58242
2 95405
3 13548
2 74263
3 39269
2 60435
3 75808
3 49518
1 56674
4 49518
4 75808
3 58222
1 95149
4 58222
3 30949
4 30949
2 95149
3 41714
1 91439
4 41714
2 91439
2 56674
2 72007
1 49836
1 2570
4 39269
2 2570
4 13548
2 49836
2 16077
3 57470
3 22109
4 22109
2 36262
3 1323
2 73962
3 57151
3 7341
3 74120
4 74120
3 54018
3 52010
3 35894
1 3233
1 26686
2 26686
2 3233
4 35894
4 52010
1 54458
4 54018
3 92878
1 85481
4 92878
2 85481
3 56110
1 72332
3 64162
4 64162
4 56110
2 72332
4 7341
4 57151
1 85970
4 1323
3 41418
1 83016
4 41418
4 57470
4 86465
2 83016
2 85970
4 41700
2 54458
3 55168
2 30053
3 11438
1 81997
4 11438
4 55168
2 81997
4 97135
3 79126
3 7334
2 852
4 7334
1 27330
1 57938
2 57938
2 27330
3 79060
1 53714
2 53714
2 30512
1 26102
2 26102
2 69904
2 85677
4 79060
1 33906
2 33906
3 4047
2 27411
2 40817
4 4047
2 79126
1 56998
2 56998
1 30115
2 30115
1 51325
3 13445
1 86834
3 98218
4 98218
1 32382
2 32382
1 89898
2 89898
3 36987
1 50999
1 43162
3 13725
3 21741
3 48490
1 49456
4 48490
1 16034
2 16034
4 21741
4 13725
1 26948
4 36987
3 37819
3 33434
1 77035
1 9474
1 14316
4 33434
2 14316
4 37819
2 9474
4 13445
2 77035
3 25828
1 1777
1 90935
3 73392
1 94055
1 16567
3 32917
2 16567
1 25726
2 25726
2 94055
1 20294
3 4034
4 4034
1 51162
2 51162
4 32917
2 20294
1 80465
4 73392
1 19664
4 25828
2 19664
2 80465
2 90935
4 51325
3 97303
2 1777
2 26948
2 49456
2 43162
2 50999
1 29927
3 41715
2 29927
3 70440
3 66000
1 28791
2 28791
2 86834
1 30723
2 30723
2 97303
2 41715
4 66000
1 52016
3 44158
2 52016
3 78364
4 78364
2 70440
2 44158
3 72827
2 72827
3 64092
4 64092
3 76117
1 56584
4 76117
4 56584
1 87535
3 46475
4 46475
2 87535
1 5400
3 51194
4 51194
3 5253
3 40181
4 40181
4 5253
4 5400
1 68712
1 64505
4 68712
1 15835
3 30816
3 89244
2 15835
1 4634
3 95199
2 4634
2 64505
2 30816
2 89244
4 95199
1 87232
3 19530
2 87232
3 20111
2 19530
1 5512
4 20111
2 5512
1 32354
1 76729
3 96046
2 76729
2 32354
1 23508
1 22733
3 89428
1 85085
3 30528
1 4611
4 30528
2 4611
4 89428
3 49317
1 49035
1 20667
4 49317
4 96046
1 78095
3 8729
3 56371
3 57296
3 66940
1 54024
2 54024
1 73336
2 73336
2 78095
1 16738
4 66940
2 16738
1 18095
2 18095
3 25683
4 25683
4 57296
1 97729
3 77040
1 60194
3 53734
3 73841
3 49208
4 49208
4 73841
3 91683
1 41772
2 41772
3 3219
2 60194
4 3219
1 51507
1 85131
2 85131
3 97140
1 55366
4 97140
4 91683
1 12081
4 53734
3 1977
2 12081
2 55366
3 49969
1 9492
2 9492
1 22846
1 53707
2 53707
3 53810
2 22846
4 53810
2 51507
3 85283
3 59653
4 59653
2 97729
1 69514
4 85283
1 70140
1 72635
2 72635
2 70140
2 69514
2 20667
4 49969
3 34148
3 44098
3 78087
3 96834
2 49035
1 23994
2 23994
4 96834
1 63386
2 63386
4 78087
4 44098
2 85085
4 34148
1 2651
2 2651
1 95781
1 73568
4 1977
3 22442
2 73568
3 36560
4 36560
2 95781
4 22442
4 77040
2 22733
1 97524
4 56371
1 18245
4 8729
1 60590
1 42682
4 23508
2 42682
4 97524
2 60590
3 69846
1 78381
4 69846
1 54457
3 89724
4 89724
2 54457
3 6633
3 71082
4 71082
2 78381
3 90797
3 90218
2 18245
2 6633
4 90218
4 90797
1 92082
4 92082
3 39601
1 99233
1 89608
3 45456
2 89608
4 45456
3 36974
4 36974
3 52750
1 3284
4 52750
2 3284
4 39601
4 99233
1 1650
3 10592
2 1650
3 73370
1 16917
1 24168
3 25069
1 86947
4 25069
3 63490
1 66069
4 63490
3 99743
1 80705
4 99743
3 45847
4 45847
2 80705
3 41778
3 46058
4 46058
2 66069
2 86947
4 41778
2 24168
2 16917
4 73370
2 10592
1 69053
2 69053
3 40680
4 40680
3 36908
4 36908
3 88318
2 88318
1 68114
1 10057
4 68114
2 10057
1 87422
2 87422
1 34570
4 34570
1 82093
3 79190
3 73556
4 73556
1 71679
1 84680
1 87640
1 18349
3 1076
4 1076
2 18349
1 14511
1 48287
2 48287
1 60640
4 79190
3 45128
3 1932
1 61948
3 55381
1 72505
2 72505
3 43700
4 43700
4 55381
1 17616
4 1932
1 49119
3 71768
3 42384
2 49119
1 19939
1 89187
1 57258
4 42384
1 9374
4 71768
3 64560
4 64560
2 9374
3 80789
3 26283
2 57258
4 26283
1 95501
1 21938
1 94144
3 6962
3 70044
3 13657
4 13657
2 94144
1 28525
4 70044
2 28525
3 56748
3 21742
3 63858
1 69440
3 54987
1 46044
2 46044
4 54987
4 63858
1 22625
3 27508
4 27508
2 22625
3 50734
3 44651
1 67957
1 18713
2 18713
1 3570
3 68213
1 85979
3 72596
4 72596
4 68213
2 85979
2 3570
2 67957
2 69440
3 44348
4 44348
4 44651
3 80431
2 21938
4 80431
1 52708
2 52708
1 15614
1 37357
2 37357
4 50734
1 62210
3 81708
3 59811
3 67790
1 84703
1 87409
2 87409
2 84703
1 58406
4 67790
2 58406
3 81428
1 64701
3 12527
4 12527
1 90193
2 90193
2 64701
1 90593
2 90593
3 76341
1 65155
4 76341
1 71732
1 85205
3 54290
1 71400
2 71400
2 85205
1 33947
2 33947
3 6707
2 71732
2 65155
3 38156
3 16750
2 62210
1 61430
2 61430
2 15614
3 26710
4 26710
3 36550
3 61987
4 61987
1 61382
2 61382
4 36550
1 70012
4 16750
2 70012
4 38156
2 95501
4 6707
2 89187
4 54290
2 19939
4 81428
3 28782
4 28782
3 35814
2 17616
4 35814
1 99488
4 59811
2 99488
1 15427
4 81708
1 20149
2 20149
2 15427
3 28999
3 2845
3 25716
4 25716
4 2845
1 74447
2 74447
1 56800
3 84128
1 89293
3 26931
3 17329
3 59128
1 85304
3 44956
1 59784
3 84878
2 59784
1 87733
3 78844
4 78844
2 87733
2 85304
4 84878
1 57899
3 19526
1 29945
3 93197
2 29945
1 99387
3 6398
3 18741
4 18741
2 99387
1 52569
1 47442
1 97138
4 6398
1 97428
4 93197
4 19526
1 60685
2 60685
2 97428
2 97138
3 61098
4 61098
2 47442
4 44956
1 75610
2 75610
3 69256
1 63557
1 50779
2 50779
1 89701
4 69256
1 73350
2 73350
3 26508
3 39803
2 89701
3 65943
4 65943
2 63557
3 71862
1 87958
4 71862
1 50139
4 39803
2 50139
4 26508
2 87958
3 13986
2 52569
1 20794
1 17089
4 13986
4 59128
1 40755
1 58900
4 17329
1 52373
3 14906
2 52373
3 10398
1 51770
4 10398
2 51770
3 68840
2 58900
3 53657
2 40755
3 24030
3 98038
4 98038
3 83245
1 27980
2 27980
4 83245
2 17089
3 16688
3 1802
4 1802
4 16688
1 41342
3 82975
2 41342
3 26668
2 20794
4 26668
2 57899
4 82975
2 89293
2 56800
3 96431
1 51063
2 51063
2 61948
4 96431
1 54690
2 54690
3 19580
1 50982
3 48345
2 50982
1 92407
1 36401
3 10548
4 10548
2 36401
1 89532
4 48345
3 48872
4 48872
3 49020
3 16293
4 16293
1 74863
4 49020
3 90475
1 9981
3 31723
1 56059
4 31723
3 64953
1 70511
1 83752
2 83752
2 70511
4 64953
2 56059
2 9981
4 90475
3 39841
4 39841
2 74863
2 89532
4 19580
1 75219
4 24030
1 90805
2 90805
3 24587
1 17605
3 97082
2 17605
3 75351
1 39599
3 67899
4 67899
3 85188
4 85188
1 87012
3 58400
3 2204
4 2204
3 32111
3 24624
3 84613
1 98664
3 17115
3 95312
3 45623
4 45623
1 42891
2 42891
3 55425
1 55774
2 55774
3 32741
2 98664
2 87012
3 19961
1 9695
1 96053
2 96053
1 9877
3 45501
3 49643
2 9877
2 9695
4 49643
2 39599
3 78758
4 78758
4 45501
2 75219
4 19961
2 92407
1 84568
4 32741
1 87880
3 64112
3 80547
2 87880
4 80547
3 69569
4 69569
3 48487
2 84568
2 60640
3 88549
3 93606
4 93606
3 6625
3 4958
2 14511
1 98913
1 53043
2 53043
2 98913
3 12383
2 87640
2 84680
4 12383
4 4958
1 45622
4 6625
2 45622
2 71679
3 40665
2 82093
3 13246
1 92861
4 13246
2 92861
4 40665
2 45128
1 8395
4 88549
1 68186
4 48487
4 64112
2 68186
1 17393
2 17393
2 8395
3 92418
4 92418
3 82592
2 80789
3 93697
1 57680
4 93697
2 57680
2 6962
4 82592
3 77805
2 56748
2 21742
1 1237
2 1237
3 67436
1 85217
1 32425
3 63736
2 32425
1 16541
2 16541
1 78229
1 17674
3 14335
1 77839
1 32375
2 32375
4 14335
2 77839
4 63736
1 62647
3 79344
2 62647
3 69832
3 80305
1 514
2 514
2 17674
2 78229
2 85217
2 28999
4 80305
4 69832
3 775
4 775
1 69639
4 79344
2 69639
3 20028
4 20028
4 67436
1 93301
1 41222
4 77805
3 54637
4 54637
1 32514
1 80060
1 81611
2 81611
4 55425
4 95312
3 81972
4 81972
1 43548
3 14257
2 43548
3 72779
1 90320
4 72779
2 90320
2 80060
1 89327
1 58001
2 58001
2 89327
2 32514
4 14257
4 17115
2 41222
1 75932
4 84613
4 24624
1 60033
4 32111
4 58400
4 75351
2 60033
4 97082
4 24587
1 98973
4 53657
1 2266
4 68840
3 52680
4 52680
4 14906
3 62894
3 53270
2 2266
4 53270
3 72661
1 11979
2 11979
3 41045
1 65908
1 51443
4 41045
3 82842
4 82842
1 23712
4 72661
4 62894
3 33778
1 45627
4 33778
2 45627
3 67967
4 67967
3 54607
2 23712
2 51443
4 54607
2 65908
4 26931
1 95601
3 49761
1 37520
1 24067
3 64863
1 19609
1 86657
3 39615
2 86657
2 19609
2 24067
1 72923
1 42372
4 39615
3 947
4 947
4 64863
2 42372
2 72923
3 85833
2 37520
3 40820
2 95601
4 40820
3 36562
2 98973
4 36562
2 75932
1 9132
4 85833
4 49761
2 9132
3 93624
3 80254
1 11278
3 95390
4 95390
1 28133
3 9864
3 72661
2 28133
3 42960
2 11278
3 22282
4 22282
4 42960
3 92646
3 74164
3 14216
2 93301
2 84128
3 28880
4 28880
2 93624
3 19535
1 83273
4 19535
4 14216
2 83273
2 80254
3 56801
4 56801
1 22207
4 74164
1 70976
2 70976
2 22207
4 92646
3 62900
1 17909
4 62900
3 25600
3 69983
1 12367
2 12367
3 74102
2 17909
3 83346
1 72666
2 72666
1 11818
1 99269
2 99269
1 40394
3 82427
1 30536
4 82427
2 30536
3 17891
2 40394
2 11818
3 84205
2 9864
2 72661
4 84205
4 17891
4 83346
1 61747
4 74102
2 61747
2 25600
3 46007
2 69983
1 70274
2 70274
4 46007
1 99046
3 3307
1 15043
4 3307
3 51168
4 51168
3 86605
1 94124
2 94124
2 15043
2 99046
1 4849
4 86605
4 4849
3 6490
1 34438
3 70245
1 28608
1 74127
3 69816
2 74127
4 69816
3 38737
2 28608
3 50097
1 77434
4 50097
3 75340
1 33355
1 11307
1 42051
1 47714
1 63599
1 10361
3 19872
1 60207
4 19872
4 75340
2 60207
2 10361
2 63599
1 2562
2 2562
4 38737
4 70245
3 46324
3 80279
2 47714
1 55992
3 33852
4 33852
4 80279
2 55992
3 69238
1 46463
2 46463
4 69238
4 46324
1 40811
1 33251
4 6490
1 17866
4 34438
1 42271
2 42271
1 58502
3 37769
2 58502
2 17866
3 92799
3 96675
3 5804
3 46266
4 46266
3 13805
3 81692
4 81692
3 89111
1 66919
3 9925
2 66919
1 68780
1 61532
3 44363
1 67631
1 42421
1 88544
2 88544
3 90523
1 89525
3 46448
4 46448
2 89525
1 31110
4 90523
4 44363
3 45330
4 45330
4 9925
3 25346
4 25346
2 31110
1 20666
3 25371
4 25371
2 20666
4 89111
1 4241
2 4241
1 51521
2 51521
1 69504
4 13805
2 69504
3 89407
4 89407
3 34993
2 42421
4 34993
2 67631
3 18580
4 18580
3 6689
4 6689
2 61532
4 5804
4 96675
3 59263
3 68031
2 68780
3 81996
4 81996
1 60795
1 37638
3 17479
1 97231
1 89712
2 89712
1 20571
4 17479
3 94271
3 97681
1 78012
3 12003
1 32283
1 61232
3 26225
4 26225
3 28245
1 5585
2 5585
3 69640
4 69640
2 61232
4 28245
3 56500
2 32283
1 48412
1 6543
3 99655
4 99655
1 44028
2 44028
2 6543
3 12441
3 51920
4 51920
3 97029
4 97029
2 48412
1 18608
3 23257
3 80828
1 68979
2 68979
3 12519
2 18608
2 78012
1 30953
2 30953
4 12519
1 19063
1 45642
4 80828
2 45642
2 19063
1 4250
1 11846
3 30355
3 1088
3 38319
3 92733
3 70676
3 41682
3 2156
1 15863
3 7869
3 26868
2 15863
1 31951
1 86365
2 86365
4 26868
4 7869
4 2156
4 41682
1 88034
4 70676
2 88034
1 51431
3 12524
1 50776
4 12524
3 69529
3 48784
4 48784
1 60267
3 98027
3 91585
2 60267
2 50776
4 91585
4 98027
1 61561
3 6288
2 61561
4 6288
3 70553
1 35760
1 56617
3 83041
4 83041
2 56617
2 35760
3 67153
1 43481
4 67153
3 44101
2 43481
4 44101
1 10223
1 2702
2 2702
3 98360
1 79152
4 98360
3 60640
1 51246
1 17010
4 60640
2 17010
1 2403
2 2403
1 14984
3 85421
3 51730
4 51730
2 14984
3 43441
2 51246
1 50686
1 34507
4 43441
3 45732
3 35603
1 71727
2 71727
1 25548
2 25548
4 35603
1 32025
4 45732
2 32025
1 39927
1 64220
1 42726
3 66202
1 8711
1 7231
4 66202
4 85421
4 70553
2 7231
1 90778
1 50249
3 67671
3 29757
4 29757
4 67671
2 50249
4 69529
3 14272
4 14272
2 90778
3 91120
3 62369
4 62369
3 65771
1 50359
1 1077
2 1077
1 86552
2 86552
4 65771
4 91120
2 50359
2 8711
1 66669
4 92733
3 11063
1 70709
4 11063
3 57522
4 57522
1 28138
1 22617
4 38319
2 22617
1 25425
2 25425
4 1088
2 28138
1 90354
2 90354
2 70709
2 66669
1 11769
2 11769
3 88131
1 98704
3 84695
3 85713
2 98704
2 42726
2 64220
4 85713
1 9531
2 9531
4 84695
3 86802
1 74311
3 91933
1 50390
2 50390
2 74311
1 98636
3 47486
2 98636
4 47486
4 91933
4 86802
1 32912
4 88131
3 29864
2 32912
2 39927
3 63181
3 28248
1 50940
4 28248
1 7995
1 83580
2 83580
3 24500
2 7995
1 98389
4 24500
2 98389
1 92240
3 40581
1 80017
2 80017
2 92240
4 40581
2 50940
3 67300
4 67300
3 65170
3 74883
4 74883
1 77415
3 28606
3 38679
2 77415
1 69697
1 15505
2 15505
4 38679
3 8825
1 65764
4 8825
1 45285
1 49101
3 41953
4 41953
3 41203
3 41398
1 3778
2 3778
3 82381
3 46828
1 58187
4 46828
3 59594
1 65535
2 65535
1 82679
3 99498
4 99498
1 94828
4 59594
2 94828
3 76631
2 82679
1 75928
4 76631
3 60669
1 70362
3 79499
1 17324
1 71769
4 79499
3 15762
4 15762
1 71113
2 71113
2 71769
3 12620
1 69528
4 12620
3 45879
3 52265
2 69528
3 1100
4 1100
3 14678
1 59515
3 80021
1 19071
3 87416
4 87416
2 19071
1 391
1 59399
4 80021
2 59399
2 391
1 47929
2 47929
1 27597
1 54395
4 14678
1 13357
4 52265
2 13357
2 54395
3 81240
3 44401
2 27597
1 67896
4 44401
2 67896
1 35432
1 63638
1 30376
2 30376
4 81240
1 56936
4 45879
4 60669
4 82381
3 4097
4 4097
3 69863
4 69863
4 41398
4 41203
3 84268
2 56936
3 94169
3 34426
3 23478
2 63638
4 23478
1 64631
3 95350
3 4916
1 46396
3 59331
3 16349
1 87296
3 12848
4 12848
2 87296
1 45570
2 45570
3 51861
2 46396
1 42404
1 30579
1 34975
4 51861
3 10061
4 10061
2 34975
1 34934
4 16349
3 95153
4 95153
2 34934
4 59331
3 80483
3 75395
4 75395
1 15219
2 15219
1 98304
1 76016
4 80483
4 4916
2 76016
4 95350
2 98304
2 30579
2 42404
2 64631
1 60538
2 60538
3 17971
1 90856
1 57154
1 72034
4 17971
1 99600
3 24393
4 24393
1 10507
3 23024
3 80470
1 31524
2 31524
4 80470
4 23024
1 27585
3 25263
2 27585
2 10507
1 86215
3 25737
1 60474
3 56930
1 70374
3 27596
4 27596
3 16701
2 70374
3 90150
4 90150
1 66394
2 66394
3 4193
2 60474
4 4193
3 90515
2 86215
2 99600
3 7767
3 92726
2 72034
3 90391
3 31679
2 57154
2 90856
1 26243
4 31679
2 26243
1 17467
4 90391
3 75315
2 17467
4 75315
3 26223
2 35432
4 26223
3 16556
1 47073
2 47073
1 4536
1 68239
4 16556
1 55789
4 92726
1 94126
1 75805
1 92828
1 73585
2 73585
1 18205
4 7767
1 79847
1 77366
4 90515
2 77366
1 5210
1 36546
4 16701
4 56930
4 25737
3 6108
2 36546
1 37958
3 6858
2 37958
4 6858
3 82649
1 81008
2 81008
3 40405
1 98686
4 40405
4 82649
3 89304
3 57755
2 98686
2 5210
3 56255
2 79847
2 18205
1 87939
2 87939
2 92828
4 56255
4 57755
4 89304
2 75805
3 66144
4 66144
3 81187
4 81187
2 94126
1 59799
1 73423
1 12626
4 6108
2 12626
2 73423
1 40246
1 58367
4 25263
1 65993
1 2803
3 66752
3 63946
4 63946
4 66752
4 34426
2 2803
2 65993
3 20480
2 58367
1 18430
3 24361
4 24361
3 64648
1 69494
1 10101
3 69838
4 69838
2 10101
4 64648
3 98485
1 69861
1 80511
2 80511
1 20111
3 20324
1 83288
3 68365
3 18367
4 18367
4 68365
2 83288
4 20324
4 98485
4 20480
1 81257
3 51143
4 51143
3 27226
3 73126
4 73126
2 81257
1 46130
4 27226
4 94169
1 20298
1 27190
2 27190
3 55423
2 20298
2 46130
2 20111
2 69861
1 22515
3 47423
4 47423
3 63156
1 35602
4 63156
3 43711
2 35602
1 19422
3 66136
1 37757
2 37757
2 19422
4 66136
2 22515
3 598
4 598
1 2481
1 19463
3 67683
1 57066
3 83018
4 83018
4 67683
2 57066
2 19463
1 76207
2 76207
1 14936
2 14936
1 75254
3 16202
4 16202
2 75254
3 28061
2 2481
4 28061
3 51762
4 51762
1 78947
3 32530
4 32530
2 78947
4 43711
4 55423
4 84268
3 70095
4 70095
4 28606
1 43343
1 93356
2 93356
3 58492
1 94415
2 94415
2 43343
2 69494
3 43871
2 18430
3 67461
2 40246
1 54460
3 97929
1 41141
2 41141
4 97929
4 67461
3 74099
3 73026
1 13993
3 46815
2 13993
3 86144
2 54460
2 59799
3 5249
1 32306
4 5249
1 3238
4 86144
3 86192
2 3238
1 5537
3 86476
4 86476
2 5537
3 92453
3 90784
3 27552
2 32306
2 55789
2 68239
1 64846
4 27552
2 64846
4 90784
2 4536
3 96046
4 96046
1 90919
4 92453
4 86192
4 46815
4 73026
4 74099
4 43871
3 9966
4 9966
2 90919
2 59515
1 92094
3 99142
2 92094
1 86807
1 58757
3 43903
4 43903
2 58757
3 63571
4 63571
2 86807
4 99142
3 38921
4 38921
1 51541
4 58492
2 51541
1 71574
2 71574
1 18347
3 53567
4 53567
3 66762
3 74084
1 38476
2 38476
4 74084
2 18347
2 17324
2 70362
2 75928
1 48732
3 41008
1 62844
2 62844
3 84584
1 14285
4 84584
1 35604
2 35604
4 41008
4 66762
2 14285
3 43336
4 43336
3 79615
3 56549
2 48732
3 14000
2 58187
1 92014
3 25510
4 25510
3 65866
2 92014
3 51178
3 83995
2 49101
1 15630
1 44920
1 24230
4 83995
2 24230
4 51178
1 921
2 921
3 5369
1 76018
2 76018
2 44920
4 5369
4 65866
4 14000
4 56549
4 79615
1 16067
1 43716
4 65170
1 53527
1 60049
4 63181
2 60049
1 8428
2 8428
4 29864
1 40685
3 26629
2 40685
1 31444
3 23944
2 31444
1 2418
2 2418
3 59927
2 53527
3 94058
1 82749
1 48260
2 48260
4 94058
4 59927
2 82749
3 10957
1 32793
3 71056
3 94118
2 32793
2 43716
1 38523
1 12153
2 12153
3 75575
3 35232
4 35232
1 43930
2 43930
2 38523
4 75575
3 33776
2 16067
4 33776
1 52675
4 94118
1 27806
3 10465
3 49962
2 27806
2 52675
3 95757
3 22782
2 15630
1 73282
2 73282
2 45285
2 65764
2 69697
2 34507
4 22782
1 67258
3 19561
2 67258
1 27744
1 13899
1 44014
2 44014
2 13899
4 19561
3 52924
1 6238
2 6238
4 52924
1 83297
3 7032
4 7032
2 83297
1 2273
2 2273
4 95757
2 27744
4 49962
4 10465
4 71056
4 10957
1 97021
2 97021
4 23944
3 45337
3 25663
1 43353
1 43898
1 33589
2 33589
1 97109
4 25663
2 97109
3 62233
2 43898
1 77691
3 48960
4 48960
4 62233
4 45337
2 77691
4 26629
1 57355
3 92121
3 93510
3 81213
2 57355
2 43353
1 33625
1 44496
2 44496
4 81213
3 10425
2 33625
2 50686
4 10425
1 17092
4 93510
1 68539
2 68539
1 98850
4 92121
1 25904
3 66205
2 25904
1 31247
4 66205
3 24172
3 74761
1 87680
4 74761
4 24172
3 10709
3 63829
4 63829
3 98467
1 21299
1 44319
2 44319
3 60771
4 60771
2 21299
4 98467
3 59803
3 57086
3 59721
3 9672
2 87680
2 31247
4 9672
3 86825
2 98850
2 17092
1 74335
1 62673
3 40589
1 84572
4 40589
3 30902
4 30902
3 37078
3 36221
1 23826
4 36221
2 23826
4 37078
4 86825
3 68678
4 68678
2 84572
1 37963
4 59721
3 57547
1 97958
1 36498
2 36498
1 88924
3 79443
3 28497
1 39199
1 95071
2 95071
1 9693
3 93666
1 76748
3 88489
2 76748
3 56936
2 9693
1 15789
1 41103
1 80761
1 36677
4 56936
2 36677
3 63660
3 15621
2 80761
2 41103
4 15621
3 96517
1 38900
1 74743
1 20623
2 20623
3 66217
4 66217
4 96517
1 84996
1 23815
3 77013
4 77013
1 30311
4 63660
4 88489
1 57491
1 70057
1 88905
2 88905
2 70057
2 57491
3 45588
1 96209
2 96209
4 45588
2 30311
4 93666
3 51879
4 51879
2 23815
3 48236
4 48236
3 77909
1 52151
2 52151
4 77909
3 24966
2 84996
4 24966
1 88621
1 17155
2 17155
1 60854
2 60854
2 88621
2 74743
2 38900
2 15789
4 28497
3 20787
2 39199
1 20108
1 36537
1 61169
3 81827
1 82213
1 45463
3 14051
2 45463
2 82213
3 4310
4 4310
4 14051
2 61169
4 81827
2 36537
4 20787
4 79443
2 20108
1 52937
1 23387
4 57547
4 57086
2 23387
1 84212
4 59803
1 29832
3 43549
3 25884
3 97421
4 97421
4 25884
4 43549
2 29832
1 74360
1 95123
4 10709
3 43061
4 43061
1 49835
2 49835
4 30355
2 95123
1 82675
3 29568
3 91220
3 10976
2 82675
3 70738
3 10175
3 73496
4 73496
4 10175
2 74360
2 84212
2 52937
2 88924
3 42124
2 97958
2 37963
4 42124
3 26615
3 88703
3 67956
2 62673
2 74335
4 67956
3 3528
2 79152
3 4904
1 20119
3 78488
4 78488
3 99663
3 16408
2 20119
2 10223
1 71806
4 16408
3 89932
2 71806
1 55677
2 55677
4 89932
2 51431
2 31951
2 11846
2 4250
4 99663
2 20571
1 42484
1 99849
3 18809
4 18809
1 44085
2 44085
1 14178
4 4904
2 14178
2 99849
1 4124
2 4124
2 42484
3 25395
3 35128
3 87747
4 87747
3 9646
1 86965
4 9646
1 29099
4 35128
4 25395
4 3528
3 26796
1 46206
2 46206
4 26796
2 29099
4 88703
4 26615
3 35355
1 67934
4 35355
3 94254
3 90763
1 1859
2 1859
3 64424
2 67934
4 64424
3 54748
1 42418
2 42418
4 54748
2 86965
2 97231
2 37638
4 90763
3 2954
2 60795
3 93375
4 93375
4 2954
3 50067
3 2958
2 33251
4 2958
4 50067
4 94254
4 70738
1 73126
1 30525
2 30525
4 10976
4 91220
4 29568
2 73126
3 7768
2 40811
2 42051
3 83895
4 83895
3 68638
2 11307
4 68638
2 33355
2 77434
2 37769
1 24055
2 24055
3 34989
4 34989
4 7768
2 92799
1 29264
2 29264
1 71
3 72688
3 30628
3 47323
4 47323
3 48634
4 48634
1 69256
3 37687
3 35611
1 87297
4 35611
1 14333
2 14333
3 40356
3 45300
2 87297
1 50784
2 50784
2 69256
3 15098
4 15098
2 71
2 59263
4 45300
4 40356
4 37687
3 75179
3 298
1 69595
2 69595
2 68031
4 298
3 42619
3 33696
2 94271
2 97681
4 33696
2 12003
3 16646
4 16646
4 42619
1 37869
3 74232
4 74232
1 46696
4 75179
1 36269
2 36269
2 46696
3 99888
2 37869
2 56500
3 39267
4 39267
4 99888
3 71436
2 12441
2 23257
1 25842
4 71436
2 25842
3 55136
4 55136
3 48920
1 41287
1 61347
3 50695
2 61347
3 50678
4 50678
3 28919
1 8225
3 22414
2 8225
1 65421
4 22414
1 72004
3 11797
1 16598
3 53552
1 45528
4 53552
3 6829
1 10317
3 83035
4 83035
4 6829
2 10317
2 45528
1 96021
3 71186
1 52353
4 71186
1 73455
3 412
3 58438
3 50474
2 73455
1 62572
3 11380
1 60116
3 54607
4 54607
1 12495
4 11380
4 50474
2 12495
2 60116
4 58438
2 62572
2 52353
1 60776
4 412
4 11797
2 60776
4 28919
1 97085
1 11112
2 11112
1 26976
4 50695
1 3090
4 48920
2 3090
1 89830
2 89830
4 30628
1 41918
3 83123
1 77762
2 77762
4 83123
4 72688
1 80564
4 41287
2 80564
2 41918
4 65421
1 52168
4 72004
2 52168
2 26976
3 44094
1 78163
1 72863
3 82082
2 72863
2 78163
3 29674
3 4425
3 36532
1 12273
4 36532
2 12273
1 43495
1 48822
2 48822
4 4425
1 30617
2 30617
2 43495
1 34130
4 29674
3 76586
3 43512
2 34130
3 50153
4 50153
3 95803
4 95803
4 43512
1 39260
1 4948
4 76586
4 82082
2 4948
3 44633
4 44633
4 44094
3 45049
3 59300
1 45007
3 18118
1 9886
3 56303
1 57477
4 56303
3 54162
1 15622
2 15622
2 57477
2 9886
2 45007
1 31732
1 10731
3 11927
2 10731
2 31732
3 68567
4 68567
4 11927
3 82357
2 39260
2 97085
2 96021
2 16598
2 45049
3 97986
1 53078
1 11696
3 3647
1 79606
1 84648
3 9939
3 80330
3 17201
4 17201
3 75569
3 56089
1 81623
3 30674
1 38009
4 30674
2 38009
2 81623
1 30289
4 56089
4 75569
2 30289
1 16888
1 96925
1 89159
4 80330
3 89120
4 89120
4 9939
3 50982
4 50982
4 3647
2 89159
3 91375
4 91375
1 47284
4 97986
3 39527
4 39527
3 72190
4 72190
3 19394
3 39744
1 18151
3 27604
4 27604
4 39744
4 19394
2 18151
1 59461
2 59461
1 43021
2 43021
1 56356
4 82357
2 56356
3 73108
1 85813
3 99235
3 16989
4 16989
4 99235
1 36998
2 36998
4 73108
3 27659
1 55028
3 67091
1 67970
1 32815
3 20500
2 32815
4 20500
3 26350
3 63299
1 22763
3 88432
4 88432
3 15552
3 14682
2 22763
1 46262
4 14682
1 97933
2 97933
4 15552
3 15540
2 46262
3 95249
3 80415
1 48922
1 82005
1 80089
3 81932
4 81932
2 80089
1 67010
4 80415
3 34526
2 67010
3 89748
1 13399
3 76153
1 11140
2 11140
4 76153
3 70248
4 70248
1 33901
3 14177
2 33901
1 92289
2 92289
2 13399
1 40799
4 14177
2 40799
1 83875
3 24345
4 24345
4 89748
2 83875
4 34526
4 95249
1 47175
3 83033
3 17795
4 17795
2 47175
2 82005
4 83033
2 48922
2 67970
2 55028
4 15540
2 85813
2 47284
1 44167
2 44167
4 63299
3 5806
4 5806
1 51478
3 37435
1 12913
2 12913
2 51478
4 37435
2 96925
1 66920
4 26350
1 49610
3 20746
3 32251
3 39252
4 39252
3 27784
4 27784
2 49610
3 22696
1 63178
2 63178
3 78540
3 4968
4 4968
2 66920
1 29765
1 88973
1 62460
4 78540
2 62460
2 88973
3 41475
4 41475
3 17174
3 73640
2 29765
4 73640
2 16888
3 20687
1 32870
3 55030
1 24091
1 77468
2 77468
1 39695
1 58110
3 52597
4 52597
3 79492
2 58110
1 93546
2 93546
4 79492
4 55030
1 85673
4 20687
3 31693
1 50109
3 92875
2 50109
2 85673
4 92875
1 91333
2 91333
3 93074
3 16254
2 39695
1 47729
1 12062
4 16254
1 88980
3 57020
4 57020
4 93074
3 13539
3 59728
4 59728
1 16916
1 7389
4 13539
4 31693
4 17174
1 71077
1 6265
3 99519
1 68866
3 33513
1 91203
2 91203
4 33513
3 43690
2 68866
4 43690
3 17721
1 95959
1 47319
4 17721
3 14303
2 47319
1 13401
4 14303
3 71300
2 13401
2 95959
3 33141
1 58848
3 20400
3 34927
2 58848
2 6265
1 99188
3 67713
1 60406
4 67713
1 44376
1 50166
4 34927
3 77885
4 77885
2 50166
2 44376
3 24414
2 60406
3 88654
3 60395
2 99188
3 22998
3 31646
4 31646
1 3546
4 22998
3 37568
1 54397
3 94580
1 41948
2 41948
4 94580
3 41335
1 39262
2 39262
1 67970
4 41335
1 48046
4 37568
4 60395
2 48046
1 76700
3 37235
3 98924
2 76700
4 98924
2 67970
3 24114
1 27379
3 25402
4 25402
4 24114
1 45112
1 84840
3 30119
2 84840
3 77957
3 60424
2 45112
4 60424
1 45653
2 45653
1 56844
1 47448
2 47448
4 77957
3 43265
3 92000
4 92000
3 22975
3 96142
1 14064
4 96142
2 14064
3 7655
1 16300
4 7655
3 73795
3 46824
4 46824
2 16300
4 73795
1 78719
4 22975
1 22493
1 24528
4 43265
1 46015
1 33345
3 9246
4 9246
2 33345
3 15951
4 15951
1 11654
2 11654
4 30119
1 45060
2 45060
2 46015
2 24528
2 22493
4 37235
1 24649
3 71068
2 24649
1 18786
3 17681
2 18786
4 17681
2 78719
4 71068
1 39596
3 24463
2 39596
3 40352
1 47831
1 97887
2 97887
1 93941
3 92460
1 46512
1 25954
2 25954
1 5306
3 92199
1 55834
2 55834
4 92199
3 6148
4 6148
2 5306
2 46512
3 14686
4 14686
2 93941
2 47831
4 92460
2 56844
1 95680
1 77327
1 35270
4 40352
3 92239
1 88730
3 56738
4 56738
1 14024
2 14024
4 92239
1 48023
1 73516
3 55089
1 60197
2 60197
4 55089
3 50164
2 73516
3 80030
2 48023
3 25851
2 88730
3 34115
3 26795
1 39362
4 26795
4 34115
2 39362
1 45241
3 31540
4 31540
1 22850
2 22850
1 7986
2 7986
3 19606
2 45241
4 19606
3 60458
3 55634
3 34691
3 588
3 68568
1 61237
4 68568
4 588
3 20386
4 20386
4 34691
3 3582
1 37247
2 37247
2 61237
4 3582
4 55634
2 35270
1 743
1 76579
3 66892
4 66892
4 60458
2 76579
4 25851
4 80030
2 743
1 15074
1 61542
1 10851
1 73976
3 51446
1 68840
4 51446
1 2948
4 50164
3 46252
2 2948
3 50793
1 8678
3 46082
4 46082
1 79616
2 79616
2 8678
3 85409
4 85409
3 29806
1 54042
1 92961
1 19491
4 29806
4 50793
3 96743
3 24803
2 19491
4 24803
2 92961
3 30018
4 30018
4 96743
3 60399
3 55105
1 6001
3 40228
4 40228
4 55105
2 6001
3 68195
4 68195
2 54042
4 60399
4 46252
1 45826
4 24463
3 3798
3 28260
1 29459
3 29700
2 29459
4 29700
1 87894
4 28260
1 50564
1 70796
2 70796
3 66149
2 50564
3 79403
2 87894
2 45826
1 62054
1 90309
1 21918
4 79403
4 66149
1 49605
4 3798
1 43392
4 88654
2 43392
4 24414
1 38171
4 20400
3 35265
1 74039
2 74039
4 35265
3 47915
1 56976
2 56976
1 89488
3 37368
3 49599
4 49599
4 37368
1 65247
1 67335
2 67335
2 65247
4 47915
3 33823
4 33823
1 97166
1 92566
1 23270
1 94715
2 94715
1 81535
2 81535
3 34554
2 23270
1 38986
2 38986
4 34554
2 92566
4 33141
1 50179
2 50179
2 97166
4 71300
2 89488
2 38171
4 99519
4 22696
4 32251
3 78828
3 46335
3 13487
2 49605
1 35661
4 13487
3 54393
1 70108
4 54393
2 70108
2 35661
2 21918
3 67607
4 67607
1 50583
3 80029
1 96517
2 96517
3 3325
3 64117
1 73762
2 73762
1 75425
4 64117
2 75425
1 43207
4 3325
1 19367
4 80029
1 46966
2 46966
3 14773
1 32433
4 14773
2 32433
3 293
1 98204
4 293
3 40479
1 81294
2 81294
3 16551
1 8935
3 92494
2 8935
1 84693
3 46717
3 8355
1 13018
3 59600
2 13018
2 84693
3 96503
2 98204
3 68924
3 74830
3 8689
2 19367
2 43207
3 43847
4 43847
2 50583
3 37873
1 83380
3 63249
2 83380
2 90309
4 63249
1 84866
1 93588
1 42986
2 42986
4 37873
1 25026
4 8689
1 71501
4 74830
2 71501
3 5723
4 5723
1 2043
2 2043
1 18531
4 68924
1 56052
3 24821
3 45490
2 56052
1 17409
3 57101
1 70447
4 57101
1 76147
1 33441
1 38488
1 35166
4 45490
1 37942
2 37942
3 15431
1 68241
3 25259
4 25259
3 54755
2 68241
3 230
3 97173
4 97173
1 92474
4 230
1 4612
4 54755
3 12799
4 12799
2 4612
4 15431
2 92474
4 24821
1 27464
2 27464
1 89235
1 43065
4 96503
3 24917
1 39642
2 39642
1 27418
4 24917
1 50254
4 59600
4 8355
1 7172
4 46717
2 7172
2 50254
1 53212
1 62575
3 95188
4 95188
4 92494
2 62575
4 16551
2 53212
2 27418
4 40479
1 19683
2 19683
2 43065
4 46335
4 78828
2 89235
1 77486
3 79046
3 30685
1 9094
4 30685
1 58826
1 7077
4 79046
3 64205
