1 609
1 975
1 28
1 895
4 609
3 165
1 721
4 165
1 451
4 975
2 451
1 745
2 745
2 721
2 895
4 28
3 181
3 262
4 262
2 181
3 440
2 440
1 723
4 723
3 725
4 725
3 760
3 604
4 604
1 757
3 835
2 757
2 760
2 835
1 756
3 854
4 854
3 675
3 343
2 756
2 675
3 67
1 177
1 328
4 67
1 836
1 993
3 462
1 356
2 356
3 888
1 659
4 888
2 659
4 462
2 993
3 317
3 168
4 168
4 317
1 246
3 915
1 46
4 915
1 377
1 787
2 787
2 377
3 416
2 46
2 246
2 836
4 416
2 328
1 976
3 577
2 976
2 177
2 343
2 577
3 469
2 469
3 57
4 57
1 898
3 488
4 488
4 898
1 167
3 225
3 176
1 457
4 176
3 473
4 473
1 306
1 131
2 131
4 225
4 167
